-353 -463 -342 -412 -588 -540 -540 -579 -769 -831 -717 -496 -603 -491 -274 -615 -739 -749 -603 -586 -530 -328 -165 -51 -262 -193 20 104 64 -8 -6 -121 -333 -392 -413 -409 58 627 676 674 894 1188 1092 1347 2062 1974 2145 1975 2068 1850 1950 1895 1889 1903 1737 1816 1514 1227 1383 1633 1793 1660 1769 1834 1936 2032 2095 2024 2113 1946 1963 2055 2028 1991 1772 1798 1851 1919 1968 1950 1778 1723 1163 1047 180 -175 -19 -204 -178 -98 -177 -209 -211 -173 -57 -101 -33 -79 -198 -499 -542 -540 -559 -602 -593 -562 -510 -441 -415 -415 -398 -383 -471 -488 -425 -421 -347 -346 -445 -310
-370 -594 -598 -680 -743 -609 -556 -571 -931 -1051 -1086 -955 -960 -825 -635 -910 -1171 -920 -686 -736 -713 -491 -331 -211 -277 -254 -164 -215 -386 -447 -379 -378 -259 -416 -451 -147 260 264 241 430 480 556 366 1140 1299 1411 1688 1553 1354 1409 1012 1117 1018 1022 1205 1051 925 673 669 773 934 778 722 842 1063 1082 1323 1520 1783 1704 1668 1639 1797 1925 1912 1859 1739 1589 1622 1657 1617 1461 1128 791 353 -372 -425 -496 -485 -496 -557 -544 -511 -496 -412 -413 -406 -437 -549 -861 -937 -951 -955 -974 -927 -903 -865 -810 -793 -795 -788 -753 -778 -791 -755 -787 -760 -697 -691 -457
-114 -476 -560 -669 -746 -671 -611 -633 -898 -976 -1072 -1033 -983 -812 -594 -668 -936 -690 -527 -581 -583 -505 -413 -206 -362 -306 -248 -308 -419 -406 -222 -103 -125 -47 -51 407 328 273 440 271 308 238 584 1305 1439 1333 1448 1025 441 133 214 607 678 607 166 -86 545 545 638 415 865 1005 703 596 571 580 778 968 1266 1392 1363 1562 1591 1738 1809 1914 1971 1880 1719 1537 1690 1506 1600 954 591 228 -448 -416 -493 -500 -514 -460 -446 -445 -399 -395 -418 -433 -521 -862 -957 -996 -988 -985 -909 -892 -885 -850 -843 -847 -828 -800 -801 -791 -771 -807 -802 -803 -731 -435
-127 -480 -581 -716 -892 -883 -888 -928 -1046 -971 -989 -1023 -1003 -892 -684 -529 -549 -530 -543 -479 -411 -508 -435 -83 -210 -184 -160 -173 -174 -168 -64 0 -41 -97 262 566 304 103 312 191 301 478 719 1468 1537 1582 1115 674 100 92 -180 326 200 -97 -93 -354 -354 54 208 -89 667 769 545 691 825 173 151 486 758 664 794 1547 1271 1435 1655 1874 2033 2044 1929 1754 1649 1747 1641 1229 816 629 228 -380 -484 -465 -460 -462 -447 -409 -339 -300 -358 -360 -475 -801 -909 -926 -918 -899 -841 -847 -847 -835 -825 -831 -812 -792 -797 -815 -754 -843 -855 -879 -871 -576
-275 -584 -615 -734 -949 -1010 -1034 -1054 -1187 -1061 -1019 -1083 -1079 -1046 -970 -790 -729 -725 -717 -617 -524 -558 -388 -45 -180 -211 -218 -198 -35 -75 -88 -93 39 145 624 536 258 151 250 152 375 858 1174 1230 1338 675 529 491 500 539 248 527 312 -330 -118 355 350 573 449 166 381 -57 215 332 63 -231 38 348 392 248 275 757 1166 1129 1457 1845 1962 1914 1976 2140 1935 1700 1751 1492 1163 886 900 182 -449 -520 -519 -493 -469 -395 -337 -329 -360 -388 -492 -824 -900 -908 -877 -866 -831 -836 -833 -824 -823 -829 -816 -802 -800 -826 -844 -894 -909 -926 -951 -675
-212 -552 -595 -703 -936 -1048 -1087 -1079 -1228 -1209 -1146 -1155 -1092 -1055 -1126 -1043 -1015 -796 -682 -700 -732 -649 -401 -238 -348 -411 -399 -408 -70 -159 -142 -143 -55 648 988 244 258 323 307 303 601 985 822 535 434 275 332 901 643 601 642 426 477 559 598 817 958 1022 842 888 1317 968 1282 1340 130 392 522 286 423 713 239 -293 1006 1221 1520 1449 1456 1656 1811 1817 1940 1638 1835 1559 1124 1054 933 888 -111 -431 -544 -496 -435 -364 -364 -354 -371 -412 -533 -848 -920 -902 -887 -881 -841 -836 -827 -813 -819 -829 -827 -832 -800 -865 -890 -914 -894 -903 -885 -589
-207 -594 -652 -746 -966 -1111 -1187 -1232 -1300 -1374 -1248 -1239 -1179 -1105 -1181 -1116 -998 -766 -626 -668 -803 -672 -401 -431 -418 -454 -389 -494 -184 -390 -314 -239 110 1047 476 21 237 72 140 502 661 680 575 67 434 297 -45 -46 209 107 -488 -12 356 580 787 943 1443 1486 1810 2339 2804 2652 2360 1800 1637 1771 1782 1861 2093 1889 815 83 465 905 1383 1171 946 1169 1318 1410 1462 1930 1899 1799 1213 1079 1076 1057 489 -149 -442 -477 -466 -399 -366 -345 -374 -407 -527 -850 -918 -921 -901 -896 -886 -870 -854 -833 -840 -867 -888 -907 -883 -910 -900 -907 -900 -929 -930 -592
-227 -652 -707 -739 -930 -1068 -1178 -1226 -1367 -1426 -1242 -1286 -1322 -1244 -1243 -1125 -1019 -1005 -877 -751 -826 -714 -455 -514 -664 -614 -454 -600 -299 -571 -421 -260 556 1275 83 -93 90 12 305 378 -45 291 -63 -335 -225 167 -7 218 -204 -157 -79 501 641 1156 1024 1451 1621 1938 2405 2811 2866 2635 2109 1269 1646 1518 1396 1578 1484 979 476 673 -177 -376 26 510 651 698 760 955 1250 1660 2182 2071 1438 1124 1156 828 916 172 -178 -342 -406 -360 -314 -304 -340 -371 -472 -814 -893 -908 -887 -877 -901 -892 -860 -839 -847 -892 -940 -963 -868 -915 -864 -870 -901 -966 -962 -604
-299 -639 -713 -781 -934 -1070 -1254 -1351 -1380 -1395 -1394 -1372 -1348 -1286 -1248 -1203 -1171 -1051 -1051 -984 -966 -875 -636 -712 -624 -712 -724 -585 -521 -508 -368 128 972 802 -2 -156 -233 104 414 -61 143 43 -80 306 711 702 -173 -466 -422 -203 -113 405 601 838 1412 1630 1801 1716 1745 1619 1954 1366 1865 1888 1913 1087 1476 1159 1234 368 887 991 870 -179 -349 453 601 885 606 278 589 1008 1848 1635 1325 1326 924 1127 1152 381 -21 -201 -290 -233 -305 -283 -372 -379 -528 -836 -885 -854 -872 -859 -870 -883 -910 -922 -932 -956 -1004 -1030 -1019 -962 -965 -989 -966 -1014 -1000 -594
-250 -589 -671 -783 -957 -1114 -1271 -1355 -1380 -1395 -1408 -1393 -1385 -1342 -1309 -1281 -1208 -1124 -1203 -1222 -1249 -1124 -808 -807 -781 -780 -721 -581 -475 -435 -78 338 720 523 58 173 -458 -687 -974 -952 -114 474 953 916 642 -234 109 -122 -168 311 577 1531 1848 1791 1950 1445 1468 1562 1650 1186 257 -491 29 681 339 1060 1143 1091 511 79 516 204 529 151 371 216 37 621 785 433 238 861 1194 1242 1378 1477 1027 1165 1041 673 286 20 -236 -327 -166 -55 -281 -369 -455 -790 -812 -789 -840 -824 -829 -848 -897 -923 -936 -951 -976 -996 -952 -888 -863 -883 -851 -911 -928 -563
-270 -607 -688 -804 -975 -1126 -1276 -1329 -1408 -1417 -1405 -1383 -1356 -1321 -1291 -1257 -1180 -1112 -1146 -1195 -1272 -1181 -923 -902 -858 -816 -708 -538 -455 -207 5 502 781 248 -242 -306 -516 -198 -759 -1166 39 185 287 47 -75 -93 303 -93 97 929 1854 1971 1788 1329 1614 1296 1897 979 839 333 187 -163 -452 -417 -237 -165 479 758 457 888 704 775 492 850 909 678 135 492 757 1300 1344 992 772 952 1096 1041 1294 962 1019 963 458 268 -44 -355 -216 -95 -185 -272 -434 -769 -772 -780 -805 -800 -807 -841 -875 -902 -923 -927 -957 -957 -899 -827 -804 -799 -773 -832 -888 -539
-322 -677 -763 -846 -966 -1082 -1229 -1292 -1468 -1474 -1474 -1434 -1415 -1380 -1349 -1329 -1223 -1183 -1161 -1207 -1249 -1114 -905 -882 -818 -788 -620 -450 -274 -112 0 667 478 329 -281 34 124 -397 -1199 -910 -218 391 137 100 -85 437 135 1002 1700 1776 1480 1744 1815 1606 1693 1134 1685 334 -277 -325 -333 -284 -105 137 -184 76 -435 656 958 1406 793 233 37 -80 14 153 11 293 106 1207 2247 1290 679 1190 830 850 833 938 907 931 550 169 72 -288 -260 -294 -207 -201 -415 -797 -815 -830 -838 -839 -860 -878 -911 -932 -928 -930 -938 -939 -865 -799 -778 -785 -753 -803 -833 -480
-342 -714 -821 -872 -967 -1052 -1223 -1325 -1377 -1398 -1410 -1407 -1385 -1360 -1343 -1310 -1175 -1208 -1196 -1268 -1228 -939 -709 -650 -845 -758 -619 -415 -171 -16 180 698 562 -21 -169 25 232 -1370 -955 -882 339 331 116 368 -26 593 791 765 1005 1510 1556 1720 1595 1887 1563 1459 1511 999 1030 630 494 671 621 710 665 728 300 133 190 287 394 444 555 -56 -99 -73 261 -269 86 913 1086 1721 1205 920 871 644 680 688 552 763 693 -1 2 -78 -305 -341 -274 -266 -375 -762 -864 -845 -916 -901 -916 -927 -942 -963 -957 -944 -939 -926 -866 -816 -805 -824 -786 -800 -800 -415
-446 -809 -890 -948 -1027 -1143 -1316 -1422 -1506 -1536 -1545 -1526 -1498 -1439 -1394 -1346 -1250 -1259 -1212 -1324 -1267 -956 -814 -803 -797 -638 -514 -259 -108 164 415 636 479 335 -809 -552 -950 -1236 -684 -296 318 198 569 220 154 113 1334 1099 900 1357 1376 1552 1558 878 363 41 -161 153 673 621 510 76 314 204 652 1001 1888 538 -370 -318 245 7 153 88 -123 -96 -203 241 123 493 1170 1147 685 806 677 827 520 644 457 565 770 88 17 83 -352 -323 -300 -303 -391 -696 -861 -911 -936 -968 -995 -992 -1016 -1030 -1034 -1014 -990 -966 -951 -906 -924 -931 -878 -888 -853 -459
-549 -857 -893 -924 -1030 -1138 -1259 -1329 -1308 -1335 -1353 -1336 -1303 -1223 -1159 -1113 -1043 -1009 -887 -1050 -1050 -756 -698 -740 -712 -567 -323 -175 -58 127 546 588 163 -173 -570 -735 -1732 -1597 -721 -391 201 -41 6 639 377 1224 1537 1456 1681 2012 1539 821 845 137 -173 -199 -294 -31 -99 -326 -80 421 272 30 -105 -63 195 680 699 768 320 -695 -813 14 230 -370 -447 -651 -12 -227 793 747 1006 1074 420 -91 910 458 495 404 640 161 71 105 -228 -269 -309 -319 -447 -694 -808 -945 -960 -1003 -1023 -1028 -1039 -1054 -1059 -1053 -1020 -990 -1055 -1026 -1045 -1052 -983 -980 -955 -559
-576 -830 -804 -812 -932 -1011 -1086 -1104 -1224 -1272 -1321 -1344 -1338 -1300 -1261 -1222 -1134 -1101 -994 -1228 -1252 -880 -755 -744 -682 -621 -373 -328 -138 -115 488 510 328 -442 -895 -1525 -1751 -1117 -291 -381 -40 236 423 776 1905 1789 1346 1185 923 1213 357 177 98 -790 -1254 -699 -1130 -698 -434 -407 178 375 102 -339 -119 105 39 14 368 1055 362 534 -245 -347 -279 421 -298 -889 -162 570 474 857 1242 717 -180 -674 1144 1195 233 408 565 141 -119 27 -64 -228 -353 -366 -478 -758 -764 -893 -1020 -1010 -1039 -1031 -1036 -1059 -1066 -1062 -1040 -1004 -1074 -1053 -1083 -1075 -991 -997 -986 -601
-642 -962 -911 -847 -945 -995 -1093 -1162 -1251 -1260 -1287 -1372 -1378 -1274 -1144 -1110 -1082 -1145 -1178 -1121 -1113 -936 -753 -617 -496 -361 -596 -192 -73 181 894 921 212 -885 -1225 -1653 -1120 -423 507 -421 -57 185 1265 2292 2135 1651 1337 1167 598 -134 -497 -783 -830 -974 -1249 -1031 -1056 -870 -932 -808 -417 -331 22 -175 -561 -910 -993 -556 173 567 681 519 371 674 636 428 93 -43 -865 228 1090 287 1491 1025 -310 -451 -419 345 966 907 120 187 -184 -79 -356 -244 -405 -445 -606 -942 -880 -956 -1062 -1075 -1129 -1054 -1024 -1016 -1031 -1025 -1020 -1036 -1029 -1020 -1016 -1040 -1008 -956 -868 -497
-660 -976 -920 -844 -928 -983 -1071 -1133 -1137 -1217 -1219 -1196 -1196 -1155 -1022 -934 -902 -972 -1027 -1011 -1002 -808 -640 -553 -550 -466 -297 -150 -90 120 951 475 -517 -897 -829 -901 -664 369 161 -976 629 1938 2746 2440 1985 1486 1025 467 262 -57 -829 -1171 -931 -714 -1034 -1726 -1772 -1647 -1647 -1401 -1839 -1637 -1177 -1089 -1145 -1019 -961 -861 -808 -100 868 468 1464 899 1485 1511 230 382 -496 311 1271 599 546 544 -505 -649 -449 -210 432 763 636 19 -266 -309 -280 -271 -396 -497 -665 -935 -933 -979 -985 -1099 -1054 -1020 -991 -982 -973 -992 -988 -987 -995 -988 -999 -1027 -1014 -979 -895 -534
-623 -943 -887 -811 -902 -957 -1040 -1111 -1130 -1174 -1208 -1260 -1318 -1278 -1202 -1181 -1161 -1188 -1225 -1207 -1159 -873 -705 -639 -154 -357 -245 -249 -75 199 789 -392 -1287 -502 -49 68 438 718 -193 -244 915 2786 3184 2568 1868 1853 987 342 5 -98 -507 -672 -834 -987 -1398 -2147 -2916 -2515 -2336 -2617 -2551 -2412 -1807 -1995 -1379 -1357 -1211 -973 -424 -233 566 1588 1313 1453 1436 1826 1645 829 -211 152 651 2055 987 971 -162 -580 -628 -884 -62 578 357 183 -281 -347 -555 -304 -361 -513 -753 -956 -979 -982 -913 -1086 -1030 -1004 -964 -961 -965 -962 -967 -962 -905 -897 -904 -954 -943 -926 -852 -466
-552 -876 -824 -761 -844 -902 -997 -1067 -1181 -1174 -1205 -1244 -1270 -1158 -1109 -1104 -1158 -1144 -1166 -1123 -1027 -682 -485 -357 -146 -317 -299 -35 249 395 380 -944 -293 85 551 243 863 -107 -324 567 1153 2235 2492 2266 1585 898 850 1245 827 263 66 -321 -823 -1100 -1539 -1722 -2540 -2465 -2693 -2259 -2121 -1910 -1687 -1570 -1015 -1017 -939 -561 -153 -362 533 1132 904 761 1353 2388 1602 793 765 193 564 1574 1935 1706 1006 353 -409 -973 -408 17 285 540 -503 -505 -695 -632 -433 -527 -808 -989 -1018 -1013 -928 -1065 -1067 -1011 -963 -969 -998 -975 -965 -982 -940 -938 -951 -987 -991 -970 -883 -498
-538 -863 -822 -753 -844 -887 -975 -1047 -1122 -1182 -1210 -1115 -1167 -1156 -1154 -1086 -1163 -1111 -1141 -1104 -1026 -675 -464 -285 -183 -305 -274 208 398 321 281 -510 -66 659 331 324 907 273 385 1370 1531 1964 2594 2222 1005 553 990 1356 918 -199 -444 -579 -901 -1339 -1830 -1561 -1938 -2227 -2464 -1953 -2071 -2083 -1940 -1842 -1452 -1056 -93 -121 -261 -194 -68 449 900 523 844 1668 1803 1416 876 376 759 826 1752 2420 1538 671 196 -355 -766 -129 701 446 -265 -634 -648 -674 -614 -481 -790 -1033 -1035 -1037 -993 -998 -1091 -1065 -1005 -1016 -1035 -996 -1002 -1012 -1011 -1010 -1007 -1066 -1046 -1026 -938 -557
-600 -927 -884 -813 -877 -908 -974 -1044 -1142 -1167 -1193 -1105 -1210 -1206 -1272 -1266 -1117 -1035 -1032 -1015 -917 -599 -311 -135 -105 -191 -53 395 398 -13 218 -35 428 1042 452 1123 488 950 1517 1259 1561 1613 2197 2231 806 721 979 715 -216 -632 -784 -1045 -1400 -1595 -1989 -2194 -1482 -1583 -1599 -1737 -1688 -1865 -1566 -1422 -895 -847 -362 101 -266 29 792 972 1388 990 634 276 635 1177 1551 540 639 1583 1086 1741 2562 1058 72 116 -932 108 182 250 126 -506 -677 -521 -740 -523 -758 -1115 -1061 -1037 -1060 -994 -1048 -1102 -1068 -1063 -1056 -1025 -1033 -1040 -974 -985 -996 -1039 -1030 -1014 -929 -556
-642 -975 -941 -865 -930 -943 -1015 -1068 -1170 -1120 -1154 -1081 -1154 -1015 -1044 -1096 -1156 -1066 -1015 -967 -896 -533 -171 -84 -249 -129 67 545 252 -358 -33 39 870 969 570 697 704 906 1225 1120 1523 1605 2002 1268 126 263 94 -911 -1068 -937 -948 -1130 -1417 -1430 -1531 -1929 -1320 -1296 -1548 -1436 -1510 -1444 -1225 -530 -619 -770 -270 0 -168 474 1006 488 757 1423 1161 257 492 724 1018 697 634 1218 913 1597 2717 2040 263 367 -436 -89 -330 305 -138 -287 -532 -619 -656 -595 -696 -1063 -1023 -1009 -1013 -992 -997 -1095 -1087 -1077 -1064 -1052 -1065 -1053 -1029 -1033 -1044 -1075 -1062 -1028 -945 -570
-629 -971 -946 -880 -960 -986 -1051 -1120 -1055 -1124 -1214 -1099 -1183 -1129 -1147 -1078 -1079 -981 -921 -859 -822 -425 -47 -40 -343 69 19 335 -343 -698 -58 642 1387 367 451 272 1159 1439 1277 1217 1438 1446 1406 539 -164 -91 -882 -1448 -1868 -1609 -1408 -1371 -1248 -1073 -1024 -1268 -806 -661 -575 -993 -976 -928 -460 -364 90 -94 -155 89 219 84 1047 1018 575 381 1121 1162 -212 554 606 825 419 399 696 1438 2766 2422 1383 664 110 -140 347 175 -300 -129 -475 -450 -472 -601 -614 -909 -931 -950 -922 -974 -974 -1066 -1060 -1073 -1073 -1038 -1071 -1078 -1058 -1058 -1054 -1069 -1035 -991 -906 -528
-643 -950 -958 -941 -969 -1038 -1122 -1119 -1179 -974 -1175 -1239 -1368 -901 -993 -1134 -1042 -775 -513 -904 -794 -478 -45 -75 -55 10 373 469 -863 -264 442 749 1270 831 259 968 1087 1361 1193 1263 1667 1271 890 573 -250 -1016 -1668 -1991 -1926 -1880 -1919 -1593 -1044 -532 -856 -1158 -1015 -813 -624 -270 -376 -556 -211 -48 359 -47 -217 -12 257 237 293 587 121 345 578 833 558 523 702 813 782 690 762 1453 2842 2709 1747 883 702 91 501 231 -24 45 -377 -416 -336 -513 -738 -845 -903 -916 -916 -960 -965 -1021 -1004 -977 -951 -987 -967 -996 -994 -1034 -1039 -1050 -1015 -1025 -996 -612
-658 -954 -963 -963 -984 -1044 -1118 -1115 -1218 -1218 -1313 -1165 -1220 -1087 -1184 -1160 -866 -1026 -900 -833 -504 -371 -229 -145 94 70 498 -184 -807 72 491 428 734 497 0 1081 757 987 1136 1123 1329 959 348 206 -546 -1370 -1994 -2089 -1952 -1658 -1570 -1356 -807 -384 -519 -692 -658 -326 -249 83 348 -11 -127 29 421 237 108 246 381 409 540 844 848 835 568 719 723 693 1040 940 896 969 894 808 2738 2572 2217 1876 1723 619 194 -47 101 49 -227 -270 -298 -406 -669 -759 -833 -778 -797 -776 -860 -934 -903 -862 -859 -877 -865 -885 -912 -930 -944 -962 -945 -962 -926 -574
-666 -972 -978 -965 -987 -1044 -1124 -1125 -1148 -1132 -1195 -1243 -1207 -1068 -1041 -1081 -1010 -809 -612 -537 -509 -378 -153 181 427 39 394 29 -42 45 280 713 1238 674 433 1496 975 1189 1367 1272 868 464 -315 -38 -1106 -2136 -2396 -2048 -2282 -1656 -1369 -1262 -824 -531 -463 -437 -172 151 119 277 801 460 47 -48 573 688 335 29 97 403 766 967 1103 1319 824 736 814 668 1271 1342 1577 1072 372 697 2692 3186 2941 2590 2346 1335 791 446 200 -73 90 -133 -91 -141 -364 -492 -571 -604 -694 -676 -727 -815 -774 -749 -755 -759 -759 -768 -802 -828 -833 -853 -854 -876 -875 -518
-675 -966 -968 -955 -979 -1036 -1129 -1154 -1027 -966 -975 -1216 -1091 -916 -789 -939 -927 -653 -557 -492 -468 -265 -78 303 241 277 170 264 -27 -277 -9 992 1181 469 1035 1473 828 936 1140 990 271 255 -146 -646 -1279 -1621 -2138 -1860 -2160 -1333 -975 -970 -852 -704 -605 -515 -123 128 214 207 717 673 397 68 506 749 533 220 123 301 570 513 800 1177 872 752 793 660 1238 1561 2167 1748 515 1037 2482 3181 3187 3162 3130 1746 1038 365 71 -316 34 161 -108 -146 -314 -448 -379 -473 -642 -633 -628 -732 -686 -671 -691 -695 -690 -715 -686 -717 -727 -748 -748 -788 -782 -434
-659 -938 -935 -930 -947 -997 -1104 -1142 -1263 -1259 -1171 -1308 -1150 -1150 -1038 -1143 -1042 -899 -856 -610 -580 -512 -399 64 207 185 -56 155 -253 -627 -179 1361 1095 494 1197 1100 750 1044 1431 781 377 242 -722 -1383 -1083 -1744 -2112 -2046 -1994 -1347 -1051 -901 -824 -556 -556 -559 -357 -74 120 116 635 746 745 664 655 796 769 598 489 766 947 566 801 988 847 634 692 946 1267 1351 2195 2573 1445 983 2382 3055 2916 3576 3395 2273 1183 355 546 -230 -349 462 29 -182 -317 -567 -328 -496 -623 -590 -630 -710 -657 -651 -659 -666 -667 -661 -602 -626 -642 -664 -663 -685 -689 -350
-629 -908 -926 -911 -938 -968 -1058 -1121 -1087 -994 -938 -1154 -1032 -898 -775 -933 -1010 -616 -371 -259 -428 -408 -196 236 493 -232 -116 406 -8 -576 -363 1767 1333 1080 1168 799 858 1413 1795 791 620 -63 -845 -1440 -1568 -2104 -2276 -2095 -2073 -1749 -1413 -1099 -1033 -733 -741 -668 -394 -92 34 106 602 574 606 1014 685 530 430 329 122 173 339 251 428 672 797 361 425 1090 1595 1534 2083 2541 2159 998 2535 3631 3353 4032 3800 2847 1594 507 546 234 -311 439 279 -85 -263 -549 -233 -480 -597 -604 -684 -725 -666 -659 -634 -653 -639 -638 -585 -606 -625 -638 -622 -633 -620 -279
-648 -933 -946 -948 -962 -977 -1060 -1090 -1063 -891 -906 -1182 -1099 -819 -682 -852 -961 -673 -499 -347 -378 -246 -113 8 37 -490 -110 346 -88 -543 -359 1570 1168 1515 1351 753 697 1065 1332 725 429 -604 -852 -1003 -1869 -2294 -2113 -2095 -1664 -1614 -1265 -1058 -986 -688 -609 -515 -206 -71 -66 -67 164 161 263 706 618 542 252 -215 -449 -415 -249 -32 138 558 1130 771 555 966 1976 1946 2147 2292 2347 1312 2095 3698 4033 4555 3717 3196 1863 982 791 887 -54 -267 335 -106 -321 -512 -130 -402 -581 -649 -753 -752 -693 -662 -638 -640 -642 -642 -590 -623 -627 -636 -605 -612 -593 -237
-665 -960 -980 -996 -1002 -991 -1066 -1091 -1171 -1158 -1128 -1108 -1079 -1026 -974 -946 -843 -887 -770 -360 -350 -373 -243 19 -283 -322 -212 335 -423 -857 -514 1350 1540 1866 1436 756 719 956 1116 844 510 -1095 -711 -935 -1529 -1749 -1636 -1302 -890 -940 -605 -728 -712 -416 -246 -178 136 57 194 203 122 266 411 488 684 528 80 -421 -405 -246 -279 -124 142 677 1594 1465 1057 1014 2352 2140 2002 2262 2272 2028 1785 3718 3883 4214 3366 3225 1752 1167 1040 1272 584 810 520 35 -287 -438 -116 -396 -626 -695 -812 -765 -705 -663 -622 -628 -615 -615 -595 -610 -625 -628 -577 -570 -550 -201
-620 -927 -980 -978 -999 -1028 -1103 -1141 -1043 -939 -1030 -1206 -1083 -742 -622 -761 -905 -575 -416 -253 -372 -115 -1 178 -151 -285 -11 776 370 -670 -84 1011 1930 2416 995 692 822 911 1023 569 291 -907 -1005 -820 -1272 -1551 -1046 -948 -907 -674 -604 -621 -388 -299 -443 -136 -177 267 117 67 212 534 361 370 478 373 186 -57 -357 -400 -427 -114 1 326 1032 1424 1279 1146 2052 2387 2135 1745 1975 1947 1966 2890 3657 4133 3416 2634 1877 1513 987 1297 693 1146 863 157 -150 -251 -190 -369 -584 -798 -902 -836 -751 -673 -649 -641 -659 -660 -623 -642 -635 -631 -613 -613 -577 -216
-629 -943 -994 -1016 -1073 -1085 -1133 -1125 -987 -931 -983 -1085 -1019 -818 -700 -740 -819 -614 -455 -315 -320 -117 -161 -182 -454 -371 98 561 247 -719 104 1005 2052 2648 1200 570 798 1101 978 349 -239 -363 -930 -1397 -1534 -1633 -1343 -878 -700 -485 -442 -649 -631 -377 -383 -88 -90 188 47 149 530 948 708 564 324 223 184 -126 -477 -611 -562 -496 -78 253 606 1028 1254 1022 1781 2268 1824 1862 1696 1429 1588 2567 3686 3846 3413 2464 1646 1385 1176 1678 1042 1149 820 213 -208 -353 -270 -433 -599 -826 -967 -902 -835 -750 -718 -690 -687 -687 -668 -689 -694 -700 -673 -673 -631 -267
-706 -982 -987 -986 -1034 -1053 -1098 -1069 -1166 -1151 -1135 -1129 -1077 -989 -861 -783 -725 -669 -515 -373 -295 -188 -384 -631 -613 -237 260 157 -176 -1139 20 800 2335 2483 889 506 1141 1273 571 33 -180 -95 -1418 -2072 -1757 -1535 -1269 -605 -765 -736 -637 -673 -570 -330 -257 194 190 360 368 645 839 903 695 720 122 163 -29 -467 -656 -901 -931 -881 -750 -400 23 463 1104 903 1315 1905 1295 1541 1143 958 1537 2368 3699 3573 3768 2315 1435 1355 1175 1627 1173 841 777 300 -217 -438 -400 -530 -662 -890 -1022 -978 -908 -839 -794 -752 -735 -716 -711 -751 -776 -786 -764 -756 -717 -352
-754 -1003 -968 -899 -901 -931 -1008 -1042 -1033 -1032 -1000 -954 -895 -827 -704 -628 -612 -631 -422 -317 -196 -173 -357 -653 -623 117 639 308 -53 -1026 186 926 1860 2456 1072 678 1271 1258 389 199 131 -213 -1561 -1915 -1608 -1292 -1200 -1342 -1337 -1123 -925 -1009 -857 -389 -342 12 287 385 453 687 554 384 231 383 -24 -47 -294 -583 -794 -932 -821 -731 -882 -443 -74 380 1111 866 1223 1655 1052 847 805 1013 1907 2524 3608 3743 3736 2541 1309 1138 1378 1481 1031 694 770 424 -124 -413 -458 -595 -772 -930 -1064 -1022 -978 -900 -870 -816 -788 -763 -754 -806 -850 -882 -865 -880 -847 -501
-751 -1038 -1034 -965 -922 -958 -1079 -1132 -1222 -1195 -1192 -1215 -1150 -1051 -965 -969 -746 -762 -499 -440 -337 -347 -474 -668 -676 127 501 131 -259 -1041 26 757 1732 2531 1000 678 1370 1495 805 885 325 -333 -1239 -1292 -1327 -1041 -729 -1133 -1457 -1297 -1128 -1195 -1075 -629 -425 -15 301 218 69 206 64 11 -167 -183 -118 -172 -179 -236 -655 -621 -380 -474 -488 -224 177 314 899 994 1132 1439 964 547 948 1197 1850 2551 3402 3858 3753 2458 1156 1201 1641 1360 1150 924 838 541 30 -245 -412 -552 -798 -929 -1060 -1040 -996 -938 -884 -834 -805 -770 -775 -830 -892 -939 -954 -998 -1003 -669
-768 -1127 -1181 -1166 -1150 -1171 -1283 -1343 -1460 -1430 -1428 -1443 -1365 -1221 -1147 -1155 -934 -880 -640 -621 -531 -501 -576 -742 -556 97 314 -21 -415 -938 -169 613 1311 2511 1329 1146 1546 1283 685 682 490 63 -816 -1306 -1559 -1178 -860 -1311 -1447 -1582 -1696 -1477 -1137 -854 -582 -20 369 143 12 242 57 -52 -210 -185 -114 3 -151 -314 -513 -765 -651 -543 -560 -277 156 374 779 1101 1048 962 745 696 1049 1285 1723 2632 3638 3855 3642 2501 1067 1036 1950 1450 1244 1404 918 594 202 -62 -307 -500 -771 -886 -1004 -984 -942 -879 -836 -782 -736 -702 -707 -754 -815 -879 -917 -1004 -1055 -747
-851 -1189 -1259 -1246 -1236 -1249 -1323 -1360 -1522 -1514 -1489 -1432 -1334 -1240 -1129 -1070 -889 -756 -612 -632 -447 -346 -506 -769 -591 -11 413 184 -215 -679 -374 293 1249 2765 1810 1350 1470 1137 829 240 213 1 -1052 -1744 -1921 -1455 -1384 -1620 -1876 -1791 -2036 -1812 -1386 -1212 -993 -770 -443 -570 -478 -162 -381 -494 -487 -284 -472 -422 -774 -1005 -986 -1481 -1438 -1007 -953 -628 11 220 737 1233 725 599 831 708 1016 1263 1915 2861 3785 3623 3662 2121 1113 1282 2129 1491 1461 1804 960 602 292 49 -268 -555 -724 -902 -987 -964 -911 -845 -796 -743 -680 -638 -646 -674 -720 -789 -838 -964 -1060 -779
-914 -1193 -1181 -1138 -1126 -1140 -1206 -1199 -1271 -1300 -1252 -1145 -1078 -1074 -957 -819 -760 -600 -540 -581 -343 -192 -488 -888 -664 -48 583 292 -154 -525 -499 99 830 2115 1410 1235 1321 795 840 306 -283 -37 -1022 -2007 -2344 -1792 -1722 -1713 -2280 -2022 -2069 -1629 -1479 -1796 -1628 -1492 -1282 -1219 -1047 -835 -899 -701 -488 -384 -451 -792 -1028 -1303 -1532 -2066 -2064 -2207 -1580 -1014 -522 -478 333 951 396 381 1138 687 1219 1237 2179 3074 3648 3449 3375 1871 1231 1353 2083 1420 1312 1693 948 554 270 58 -284 -650 -760 -956 -1060 -1042 -986 -906 -857 -798 -728 -671 -653 -677 -707 -761 -820 -977 -1088 -832
-881 -1278 -1253 -1078 -962 -1010 -1144 -1169 -1210 -1172 -1201 -1219 -1116 -1053 -1069 -1033 -875 -675 -640 -728 -354 -350 -601 -962 -677 -245 479 271 -216 -701 -944 -91 525 1549 1691 1067 998 1461 1249 240 -427 -104 -1191 -1704 -1493 -1561 -2271 -2203 -2360 -1746 -1939 -1919 -1952 -2211 -2181 -1240 -1304 -1389 -1585 -1533 -1175 -733 -543 -514 -609 -1003 -1065 -1295 -2004 -2517 -2594 -2292 -1834 -929 -386 290 680 630 604 747 1386 862 712 1640 2532 3184 3360 3283 2925 1836 1181 2339 1794 1190 1453 1608 944 532 235 17 -398 -679 -844 -1064 -1048 -1084 -1032 -981 -923 -782 -718 -713 -641 -682 -711 -758 -803 -948 -1140 -966
-913 -1282 -1260 -1079 -958 -1001 -1113 -1134 -1268 -1327 -1360 -1248 -1115 -1065 -1004 -828 -864 -650 -667 -693 -364 -383 -829 -1343 -659 -163 353 457 15 -509 -1028 -26 564 1633 2071 1483 1035 1123 580 -141 -272 -72 -1299 -2266 -2510 -2506 -3088 -3439 -2969 -2568 -2353 -2395 -2191 -1573 -2019 -1970 -1506 -1511 -1689 -1561 -1050 -266 -227 -539 -282 -483 -633 -807 -1088 -1678 -2180 -1950 -1786 -684 -337 7 197 415 648 709 1440 1315 863 1920 2600 3100 3306 3123 2576 1340 865 2043 1850 1076 1207 1517 930 583 401 -89 -393 -762 -786 -977 -1034 -1039 -1026 -989 -915 -804 -715 -702 -651 -692 -730 -780 -817 -961 -1149 -971
-917 -1281 -1251 -1098 -1020 -1067 -1191 -1211 -1176 -1162 -1191 -1187 -1092 -974 -889 -841 -837 -579 -622 -569 -296 -289 -735 -1226 -805 -103 232 455 -19 -280 -900 -47 560 1349 1900 1333 1250 1102 531 -516 -338 -884 -2482 -3429 -3137 -2704 -3579 -3813 -3319 -3193 -2636 -2989 -3330 -2454 -2834 -2749 -2092 -1806 -1672 -1481 -1262 -673 -608 -735 85 -344 -793 -1433 -1956 -2334 -2796 -2865 -2796 -1572 -939 -613 -19 246 182 26 1274 1301 874 1851 2479 3231 3271 3425 2414 1020 928 1980 1891 1075 1242 1420 931 720 562 -55 -352 -744 -791 -886 -1003 -967 -979 -980 -907 -816 -716 -689 -662 -704 -736 -799 -827 -970 -1147 -965
-939 -1280 -1240 -1126 -1068 -1126 -1231 -1250 -1423 -1462 -1403 -1335 -1238 -1104 -1025 -1007 -802 -700 -837 -720 -472 -360 -743 -1201 -876 0 152 281 -206 -26 -466 -197 68 504 1540 1363 1555 1219 752 -590 -1164 -1254 -3359 -3882 -3156 -3243 -2648 -2988 -1957 -2200 -1978 -2274 -2770 -2390 -2865 -2647 -2402 -2134 -1826 -1479 -1359 -759 -525 -661 -380 -746 -1196 -1968 -2747 -2812 -2697 -2391 -1764 -791 -854 -960 -19 418 431 -57 1265 1305 933 1957 2759 3374 3094 3013 2026 652 1249 2072 1706 1191 1529 1281 921 848 536 0 -377 -583 -783 -841 -1011 -924 -973 -973 -913 -822 -732 -709 -708 -739 -776 -835 -861 -991 -1162 -985
-997 -1301 -1261 -1166 -1145 -1179 -1258 -1262 -1281 -1451 -1416 -1246 -1178 -1113 -1006 -955 -622 -632 -808 -648 -441 -312 -617 -1079 -754 139 228 413 143 213 -322 -632 -131 21 1323 1473 1282 909 321 -840 -1295 -2059 -2483 -2965 -2280 -1784 -1395 -678 -147 -295 -260 2 -190 -730 -1489 -1404 -1679 -1545 -1452 -1392 -1367 -851 -428 -521 -665 -749 -664 -1036 -1701 -1538 -1271 -1232 -212 -394 -537 -535 188 287 562 519 1233 1325 817 1940 2859 2943 2855 2152 1400 374 1547 1923 1469 1374 1588 1161 894 856 392 -111 -527 -522 -782 -914 -1064 -935 -990 -987 -937 -869 -777 -742 -773 -801 -832 -888 -914 -1040 -1207 -1023
-1007 -1298 -1284 -1262 -1276 -1334 -1408 -1409 -1482 -1470 -1427 -1502 -1483 -1172 -1005 -1137 -864 -757 -669 -546 -538 -516 -591 -843 -843 -27 -22 490 688 329 -242 -870 106 514 1341 1321 1057 1041 472 -972 -979 -1225 -1165 -1402 -756 -483 4 683 410 772 710 701 540 15 -190 121 -647 -843 -823 -658 -712 -691 -414 -613 -489 -521 -674 -708 -634 -577 -423 -7 165 675 555 -35 -20 38 365 -336 842 873 720 1806 2384 2438 2534 1945 1127 641 1815 1698 1623 1640 1314 1174 944 753 200 -205 -620 -570 -743 -938 -1100 -967 -1012 -1021 -990 -931 -860 -802 -839 -866 -894 -944 -977 -1105 -1281 -1097
-1025 -1308 -1314 -1333 -1392 -1464 -1530 -1533 -1680 -1532 -1412 -1522 -1542 -1124 -867 -1029 -901 -792 -520 -421 -482 -544 -421 -500 -1008 -394 -438 244 693 239 -96 -915 -210 963 1419 1207 1315 1344 995 -593 -1283 -1101 -714 -1742 -1158 -979 -48 589 987 1070 853 581 495 483 641 917 485 -31 -449 -286 -164 -276 12 -92 182 286 510 867 1172 1144 1023 985 1123 1442 1496 1330 347 27 341 62 397 244 396 1514 1745 1758 1529 1108 1223 977 1703 1399 1635 1725 1194 1197 924 561 -57 -295 -739 -667 -727 -899 -1160 -1029 -1072 -1087 -1080 -1009 -935 -872 -892 -926 -948 -1008 -1052 -1181 -1363 -1193
-1084 -1346 -1341 -1344 -1400 -1439 -1467 -1447 -1234 -1403 -1274 -1112 -1287 -1355 -1146 -1005 -766 -951 -787 -642 -504 -527 -419 -620 -990 -492 -693 -133 287 61 175 -892 -699 760 1119 912 1133 869 609 -385 -1884 -1938 -1451 -1840 -1378 -1021 -596 -485 -227 -510 -197 188 686 997 854 838 973 818 449 320 124 -122 126 -110 490 869 1355 1583 1266 991 1007 939 1853 1166 991 1880 800 282 991 1204 393 57 -215 1255 1774 1726 1582 911 1164 936 1385 1295 1505 1657 1262 1031 851 412 -320 -407 -980 -801 -843 -1007 -1239 -1127 -1161 -1179 -1174 -1084 -997 -930 -957 -978 -1006 -1072 -1109 -1255 -1437 -1269
-1008 -1206 -1324 -1371 -1308 -1430 -1527 -1349 -1369 -1508 -1500 -1324 -1295 -1379 -911 -1068 -876 -766 -441 -517 -394 -473 -330 -651 -884 -576 -267 -186 199 -68 79 -903 -708 567 696 81 670 896 451 -408 -1663 -1346 -1106 -1334 -948 -1093 -894 -484 -1070 -947 -347 -301 -547 -214 755 999 1558 1298 759 242 -172 -88 381 331 705 1346 1549 926 914 967 1014 1762 1471 1395 654 675 937 1061 526 431 700 442 274 1025 815 1729 174 776 1130 1506 1618 1551 1842 1302 1320 594 536 -67 -308 -625 -936 -1030 -899 -1107 -1372 -1180 -1199 -1208 -1214 -1128 -1081 -1025 -983 -1007 -1052 -1132 -1195 -1348 -1507 -1334
-1051 -1261 -1350 -1378 -1316 -1422 -1530 -1355 -1727 -1504 -1345 -1366 -1390 -1236 -727 -967 -921 -722 -398 -460 -404 -572 -499 -728 -890 -925 -663 -42 345 -99 587 543 -1099 108 1106 496 -523 359 322 -515 -1538 -1203 -925 -789 -619 -199 152 835 835 1127 1826 2311 2145 1896 1572 1698 1727 1393 666 212 218 585 1056 1209 1117 907 561 955 2094 2795 2723 3568 3529 2973 2060 1526 1167 505 1363 1390 874 409 185 1045 1171 1449 -474 512 2414 1628 1220 1547 2009 1342 1217 448 417 -222 -496 -710 -916 -1019 -970 -1110 -1319 -1244 -1277 -1270 -1243 -1149 -1090 -1034 -1028 -1049 -1095 -1184 -1252 -1396 -1547 -1355
-1119 -1324 -1388 -1399 -1357 -1418 -1518 -1394 -1339 -1465 -1470 -1314 -1277 -1303 -1026 -1215 -772 -825 -773 -836 -475 -795 -680 -620 -986 -789 -234 575 698 31 630 941 83 469 1986 1702 -150 782 1033 -23 -293 118 307 1082 1138 963 1376 2061 1923 1560 1185 1574 2016 2691 2237 1890 2019 1511 639 205 286 456 673 1002 1532 1532 1166 1201 1894 3052 3362 3846 4535 3300 3089 3757 3427 2699 2190 1606 1320 443 -110 469 1536 1433 271 1470 2239 1349 1201 1891 2201 1227 1165 348 228 -341 -641 -822 -1015 -1098 -1110 -1168 -1318 -1355 -1385 -1385 -1341 -1217 -1124 -1074 -1061 -1089 -1128 -1228 -1291 -1425 -1582 -1375
-1160 -1376 -1407 -1424 -1391 -1449 -1526 -1459 -1363 -1198 -1180 -1288 -1361 -1177 -827 -934 -862 -716 -653 -497 -389 -873 -882 -415 -332 -389 111 889 988 359 193 336 600 -237 1629 1552 385 1210 1163 369 794 602 700 1657 1575 769 742 1243 837 1515 1223 1609 1913 2504 2580 2459 1946 1136 235 96 385 563 636 1033 1199 1626 1646 1451 1400 1869 2274 2482 3613 3504 3317 2299 1976 2483 3137 2157 1413 917 432 689 1136 2346 1023 2182 2489 1619 1572 1880 1995 1164 1162 340 -41 -455 -689 -972 -1124 -1184 -1304 -1446 -1396 -1464 -1462 -1491 -1444 -1301 -1191 -1148 -1102 -1119 -1156 -1230 -1299 -1432 -1570 -1362
-1141 -1382 -1396 -1404 -1409 -1446 -1527 -1531 -1614 -1407 -1352 -1368 -1381 -1157 -893 -853 -839 -731 -610 -601 -472 -1028 -1013 -768 -459 -292 374 547 323 284 -349 -277 168 -690 364 931 294 498 914 384 -252 247 1553 2312 1319 15 201 364 867 1508 1048 1187 1162 1999 3036 2372 1782 1277 885 797 651 541 725 1397 1922 1947 1796 1593 1355 811 1841 2864 3055 2816 2562 1887 1974 2072 2309 1755 621 889 645 1711 1819 1806 1793 1858 2161 1642 1836 1968 1748 1073 986 66 -264 -519 -701 -1087 -1148 -1198 -1379 -1589 -1570 -1624 -1580 -1587 -1520 -1364 -1238 -1199 -1165 -1163 -1160 -1230 -1280 -1401 -1537 -1313
-1075 -1341 -1338 -1369 -1416 -1443 -1509 -1556 -1510 -1537 -1597 -1433 -1351 -1276 -1235 -1032 -817 -713 -731 -798 -767 -1051 -1024 -967 -850 -463 553 639 -137 140 -798 -311 330 -115 368 836 53 47 165 -167 -613 -665 582 2033 1762 -123 -115 262 489 374 392 1799 2610 2681 3342 3130 2801 2263 1849 1738 1540 1384 1227 1500 2025 2037 2116 2188 2166 1564 2262 2735 2122 1957 2332 1832 2236 1720 2108 2576 1419 895 74 876 1207 2079 2392 2221 1617 1598 1849 1873 1427 1031 1002 63 -507 -651 -803 -1195 -1182 -1155 -1369 -1583 -1597 -1668 -1635 -1603 -1515 -1391 -1313 -1268 -1207 -1204 -1190 -1227 -1264 -1362 -1478 -1244
-1029 -1311 -1313 -1343 -1418 -1415 -1466 -1553 -1590 -1116 -1069 -1278 -1386 -1097 -1015 -833 -954 -607 -247 -423 -622 -1070 -840 -785 -458 -551 367 1177 325 600 -841 -54 59 -15 39 273 27 81 45 -424 -891 -31 1169 1460 1206 748 621 435 1312 670 1097 1942 2534 2670 2813 2664 2732 2480 2102 1983 1882 1951 1791 2035 2385 2536 2687 1939 1767 1761 2115 1998 2500 2042 1189 1485 2056 2134 1736 1330 2162 959 455 410 507 1514 1351 2218 1775 1935 1904 2043 1413 1259 1090 -43 -699 -779 -942 -1159 -1088 -973 -1240 -1505 -1717 -1754 -1745 -1709 -1573 -1433 -1359 -1337 -1257 -1243 -1224 -1258 -1263 -1346 -1426 -1170
-995 -1300 -1290 -1327 -1412 -1399 -1434 -1538 -1448 -1196 -1275 -1394 -1440 -1217 -1198 -890 -810 -700 -516 -569 -849 -1119 -902 -1031 -838 -342 626 1225 235 1086 -619 -397 -150 -660 -146 -87 515 292 -388 -554 -80 -510 225 1097 805 461 12 -29 610 607 1826 1928 2350 2890 2845 3175 2958 3043 2851 2743 2567 2440 1989 2139 2458 2362 2654 2607 2625 2827 2547 3057 2983 2482 2179 1632 1662 1864 1483 1396 2130 825 1035 1079 1265 660 1142 2016 1861 2013 1673 2192 1436 1149 1122 -52 -771 -803 -931 -1067 -969 -818 -1076 -1332 -1737 -1731 -1760 -1757 -1636 -1485 -1435 -1425 -1296 -1285 -1260 -1305 -1296 -1356 -1416 -1145
-1015 -1308 -1331 -1314 -1328 -1416 -1499 -1391 -1522 -1478 -1406 -1430 -1397 -1271 -1070 -953 -845 -723 -759 -737 -1112 -1085 -1126 -1020 -704 -393 410 611 573 1016 301 -250 -24 -501 677 177 259 514 234 -251 -35 -43 29 450 286 300 208 -121 347 1373 2059 2107 2139 2593 3055 3058 2972 2960 2893 2639 2563 2444 2583 2991 2581 2793 2656 2069 1798 2058 2532 2572 2465 2020 1891 1966 1849 1716 1715 1213 1416 1610 1056 1386 2065 1120 136 956 1574 1350 1733 1803 1193 1352 787 -416 -888 -922 -1049 -1036 -1114 -1008 -1049 -1325 -1527 -1717 -1852 -1862 -1768 -1643 -1553 -1492 -1446 -1435 -1415 -1418 -1409 -1443 -1502 -1236
-1032 -1211 -1234 -1324 -1340 -1311 -1391 -1402 -1388 -1354 -1396 -1486 -1384 -1167 -1030 -999 -886 -772 -771 -899 -1319 -1301 -1152 -972 -848 -780 224 659 574 1165 973 404 6 -184 1222 597 784 558 405 63 241 228 74 543 421 435 553 595 1547 2123 2352 2512 2496 2508 2962 3149 3578 3537 3588 3398 2984 2830 2957 3102 2547 2748 2796 2476 2085 1973 2214 1940 2224 1746 1766 1861 1812 1832 1950 1487 1428 1795 648 778 2258 1004 -156 670 1135 889 1340 1266 834 1031 356 -660 -1100 -1354 -1246 -1453 -1431 -1410 -1313 -1591 -1838 -1934 -1993 -2022 -2033 -1992 -1926 -1861 -1719 -1683 -1662 -1645 -1628 -1671 -1716 -1439
-1039 -1235 -1233 -1304 -1308 -1298 -1358 -1362 -1287 -1316 -1407 -1443 -1286 -1095 -1025 -1015 -836 -679 -703 -905 -1370 -1570 -1295 -1067 -739 -770 14 334 419 1220 1328 385 241 -233 1415 1273 475 -23 187 -59 417 126 -83 197 508 1211 1650 2099 2088 2541 2562 2586 2592 2673 3136 3406 3455 3527 3619 3397 2723 2514 2696 2884 2897 2842 2757 2694 2558 2543 2865 2551 2199 1725 1798 1749 1492 1469 1525 1089 1144 1362 154 144 2427 897 -339 683 1519 730 1101 774 360 572 -9 -788 -1254 -1335 -1445 -1365 -1630 -1495 -1549 -1754 -2037 -2123 -2157 -2111 -2107 -2109 -2074 -2008 -1894 -1845 -1797 -1761 -1748 -1769 -1816 -1540
-893 -1228 -1194 -1072 -1054 -1112 -1145 -1019 -966 -1099 -1178 -1092 -942 -876 -792 -694 -492 -455 -557 -873 -1421 -1510 -1333 -1091 -718 -911 -499 -66 443 1214 1342 273 610 108 1161 1172 676 -155 -151 135 -61 -3 405 1064 1672 1828 1718 1633 1640 2161 2232 2090 2205 2539 2990 3280 3556 3618 3410 3155 2661 2536 2782 3153 2753 2691 2606 2879 3033 2799 2903 2641 2316 2126 2219 2005 1541 1592 1600 1410 956 1071 -16 513 2190 859 -943 97 1475 851 1553 1165 699 554 -130 -958 -1327 -1319 -1399 -1429 -1475 -1492 -1438 -1564 -2085 -2149 -2225 -2317 -2339 -2259 -2163 -2108 -1968 -1905 -1820 -1774 -1753 -1779 -1813 -1518
-927 -1267 -1206 -1043 -987 -1000 -1009 -916 -942 -1052 -1065 -899 -812 -787 -716 -602 -416 -491 -744 -997 -1407 -1527 -1408 -1255 -1152 -1386 -999 -447 476 1539 1554 -24 676 509 820 1027 721 471 110 247 541 695 1009 1031 1527 1490 1317 1389 1838 2306 2452 2484 2640 2831 3146 3484 3583 3306 2846 2691 2504 2494 2562 2802 2729 2780 2628 2787 2964 2482 2425 2397 2051 2122 2240 2094 1630 1621 1468 1513 1096 1083 90 956 1810 475 -709 -188 524 634 1686 1509 1232 838 90 -528 -1007 -1082 -1206 -1396 -1593 -1592 -1631 -1622 -2024 -2096 -2217 -2328 -2375 -2316 -2233 -2205 -2047 -1981 -1900 -1836 -1809 -1830 -1844 -1555
-1034 -1265 -1211 -1216 -1210 -1101 -1129 -1222 -1313 -1289 -1220 -1051 -973 -918 -880 -896 -755 -953 -998 -1183 -1545 -1755 -1776 -1689 -1449 -1756 -1193 -636 -145 855 1300 229 545 993 338 345 488 1031 688 1511 1587 1598 1641 1332 1586 1418 1342 1306 1301 1812 1921 2024 2235 2475 2946 3225 3447 3006 2795 2764 2691 2767 2726 2718 2854 3185 3323 3224 3202 2660 2629 2614 2251 2225 2285 2353 1905 1469 1030 1218 740 825 407 1621 1526 -60 -510 -293 68 87 938 1200 1134 596 -57 -296 -680 -835 -935 -1043 -1381 -1572 -1671 -1788 -1907 -2111 -2276 -2336 -2323 -2294 -2224 -2159 -2088 -2023 -1938 -1886 -1846 -1852 -1862 -1555
-985 -1200 -1145 -1185 -1202 -1080 -1111 -1248 -1221 -1206 -1212 -1133 -1011 -837 -760 -754 -842 -975 -1022 -1286 -1740 -1973 -1822 -1799 -1355 -1556 -1218 -1145 -782 248 911 428 -96 1195 1329 989 782 1368 1660 2178 1895 1605 1673 1490 1872 1535 1101 1484 1502 2258 2608 2802 3081 3322 3558 3479 3150 2964 3058 2934 2897 3051 3069 3254 3217 3201 3372 2888 2552 2024 2167 2282 2120 1961 1862 1838 1470 1145 1051 1399 725 946 862 1900 836 -93 -658 -290 140 -235 343 897 1070 533 -161 -378 -692 -732 -829 -727 -972 -1111 -1150 -1349 -1683 -1913 -2144 -2274 -2330 -2303 -2235 -2180 -2033 -1982 -1912 -1870 -1832 -1835 -1824 -1515
-1000 -1300 -1197 -1073 -1055 -1002 -992 -991 -1064 -997 -982 -839 -680 -570 -561 -582 -464 -663 -802 -1216 -1774 -1914 -1539 -1412 -1346 -1312 -1094 -1067 -634 123 395 374 671 1715 1270 1608 1369 1425 1070 2236 2033 1345 1552 1539 1449 1033 962 1356 1703 2263 2677 2908 3140 3300 3240 3122 3027 3113 3214 2784 2845 2951 2929 3389 3040 2609 3123 3034 2799 2090 2130 2076 2348 2328 2205 1796 1368 1109 1076 1120 808 814 1056 438 23 -33 -243 37 281 -67 243 593 860 513 -185 -439 -660 -687 -779 -940 -1013 -944 -971 -1063 -1190 -1545 -1915 -2155 -2287 -2334 -2253 -2139 -2031 -1989 -1933 -1901 -1853 -1845 -1843 -1534
-949 -1304 -1272 -1045 -887 -916 -985 -998 -1014 -1041 -1052 -875 -688 -581 -597 -615 -636 -968 -1050 -1279 -1684 -1898 -1738 -1317 -1423 -1191 -909 -893 -988 180 277 100 785 930 887 1392 1231 1040 1242 2138 2237 1416 1301 1306 1453 1414 1288 1632 1293 1549 1692 1793 2225 2744 2783 2605 2957 3047 3221 3633 3749 2894 2809 2942 3108 2594 3047 3229 3143 2301 1748 1617 1834 2135 1980 1544 929 1106 1295 1029 917 1130 1037 378 9 -53 -458 68 58 282 332 82 315 186 -60 -359 -580 -824 -824 -824 -1039 -1046 -982 -940 -1091 -1185 -1428 -1739 -2018 -2239 -2188 -2105 -2094 -1996 -1981 -1957 -1824 -1865 -1897 -1472
-921 -1329 -1240 -984 -893 -880 -882 -961 -985 -980 -954 -848 -604 -507 -599 -739 -685 -974 -1142 -1307 -1731 -1861 -1834 -1551 -1575 -1218 -928 -709 -850 232 424 512 744 791 704 1021 1176 828 1306 2286 2075 1741 1667 1123 1121 1076 834 685 927 936 1235 1498 2059 2442 2603 2684 2876 3156 3209 2619 2900 3416 3594 3994 3477 2947 2869 3645 3418 2154 1536 1342 1146 1494 1684 1521 1294 1300 1454 1299 1304 1359 975 237 154 55 -196 260 22 497 381 3 449 -254 -361 -398 -552 -830 -879 -881 -955 -1003 -1017 -985 -1014 -1113 -1296 -1493 -1687 -1874 -2059 -2214 -1999 -2030 -2049 -2032 -1932 -1923 -1883 -1455
-979 -1310 -1277 -1051 -907 -906 -960 -953 -1030 -901 -829 -846 -701 -630 -720 -857 -789 -922 -1016 -1054 -1562 -1718 -1809 -1648 -1389 -1148 -638 -241 -607 71 55 435 484 627 626 615 1057 824 1554 2297 2124 1638 1636 1193 973 662 775 1008 1151 1142 1491 1925 2680 3086 3047 3034 3003 3139 2806 2564 3099 3796 4054 4295 3550 3008 2204 2032 1778 1317 1213 996 1522 1506 1514 1716 1712 1591 1614 1290 854 1317 761 -144 272 43 -295 56 -137 461 519 -71 206 -486 -789 -419 -617 -840 -945 -956 -944 -1041 -1090 -1001 -961 -1053 -1209 -1371 -1505 -1596 -1822 -1995 -1972 -2072 -2077 -2055 -2042 -1974 -1775 -1289
-1022 -1290 -1300 -1150 -961 -980 -1034 -975 -1054 -968 -979 -1007 -891 -773 -911 -1032 -978 -1003 -1057 -1131 -1607 -1851 -1777 -1588 -1368 -962 -767 -128 -313 -533 -354 103 93 206 309 353 962 1148 1867 1999 2145 1639 1687 1323 1224 827 923 1097 1048 1320 1805 2508 3166 3554 3395 3417 3264 2896 2584 3187 3820 3951 3636 3601 3292 2676 2459 1872 1654 1673 1730 1966 1599 1605 1698 2104 2175 1937 1773 1706 927 1656 786 -330 276 286 -74 75 18 362 428 138 -71 -781 -742 -825 -739 -832 -912 -980 -977 -1126 -1176 -1064 -1048 -1088 -1189 -1319 -1517 -1564 -1624 -1634 -1926 -2076 -2034 -2005 -2049 -1930 -1613 -1109
-974 -1294 -1284 -1145 -1057 -1033 -1031 -1016 -993 -1112 -1244 -1211 -1055 -1001 -1163 -1237 -1045 -1136 -1203 -1309 -1568 -1836 -1660 -1478 -967 -1118 -834 -84 -1004 -1340 -83 -555 -212 -177 54 356 758 1214 2010 1923 2091 1755 1953 1586 1657 1091 1054 1293 1301 1319 1746 2629 2937 3212 3023 2726 3025 2968 3276 3332 3490 3792 3283 3498 3320 2597 2342 1985 1849 2140 2047 2137 1782 2140 2116 2114 2304 1949 1655 1658 1407 1894 385 -702 9 571 328 447 690 292 330 -69 -177 -953 -916 -1033 -887 -784 -711 -750 -876 -1063 -1172 -1152 -1182 -1138 -1115 -1132 -1307 -1478 -1481 -1459 -1687 -1910 -1974 -1951 -1915 -1745 -1521 -1144
-1009 -1271 -1319 -1242 -1123 -1121 -1151 -1079 -1051 -1121 -1189 -1240 -1273 -1385 -1350 -1173 -1121 -1289 -1318 -1323 -1251 -1513 -1450 -1375 -1022 -883 -653 -1049 -1560 -1475 -636 -638 -153 -133 99 407 662 1131 1965 2040 1735 1793 2247 1872 1891 1582 1684 2124 2209 1829 1649 2094 2491 2992 3312 3312 3459 3386 3286 3286 3526 3649 3100 2906 2966 2695 2065 2096 1843 2231 2193 1973 1364 1799 1757 1767 2223 1958 1490 1040 1061 1297 138 -715 -564 409 401 252 885 342 -46 -172 -608 -980 -929 -939 -1052 -766 -489 -414 -582 -856 -1003 -1107 -1115 -1084 -1039 -986 -1071 -1267 -1332 -1374 -1335 -1586 -1801 -1873 -1732 -1552 -1470 -1226
-1051 -1246 -1356 -1335 -1169 -1205 -1282 -1149 -1135 -1104 -1106 -1214 -1389 -1527 -1362 -1088 -1286 -1421 -1296 -1087 -907 -1188 -1405 -1348 -1248 -1117 -1121 -1864 -1521 -1309 -890 -513 30 -18 81 377 972 1054 1792 1979 1687 1755 2026 1637 1561 1508 1269 1519 1821 1472 1293 1819 2461 2882 2990 2825 3044 2932 2645 3120 3684 3564 3269 2756 3193 2654 2001 2271 2515 2707 2322 2094 2183 2271 2152 2083 1936 1523 1113 856 391 954 682 -310 -429 274 422 309 694 383 -43 -269 -692 -1020 -807 -873 -1103 -890 -514 -222 -290 -611 -787 -948 -1028 -983 -961 -982 -1019 -1128 -1186 -1258 -1145 -1232 -1487 -1720 -1633 -1460 -1382 -1054
-1013 -1258 -1324 -1285 -1199 -1200 -1238 -1175 -1083 -1151 -1295 -1352 -1372 -1360 -1340 -1337 -1191 -1343 -1196 -916 -819 -1083 -1405 -1211 -1110 -1083 -2036 -2028 -812 -1311 -844 -510 -63 -74 58 460 1312 792 1406 1919 1826 2161 2476 2067 2048 1992 1109 763 1316 1377 1578 2090 2430 2802 3067 3098 3279 2781 2678 2908 3407 3543 3289 2947 2469 2579 3051 2567 2779 2785 2191 2115 2473 2621 2473 2346 1704 1062 905 1074 -3 582 766 -353 -306 333 820 826 861 406 74 -128 -859 -947 -695 -905 -1009 -1003 -661 -188 -91 -422 -619 -782 -1125 -943 -821 -884 -957 -1028 -1139 -1234 -1126 -1000 -1189 -1556 -1600 -1454 -1263 -751
-1028 -1340 -1339 -1331 -1303 -1168 -1368 -1295 -1206 -1227 -1114 -1290 -1402 -1428 -1411 -1428 -1236 -1152 -1046 -852 -741 -896 -1233 -1449 -1362 -1165 -2184 -1658 -909 -1152 -810 -885 301 -284 75 512 640 1267 1098 1304 1290 1690 2368 2368 2588 2521 1687 1629 1123 1401 1978 2142 2699 2978 3605 3499 3297 3603 3777 3366 2988 3070 3225 3324 3187 3270 3782 3444 2884 2622 2607 2988 3225 3338 3290 2748 1696 660 466 -360 -634 -179 392 366 414 219 717 1479 852 303 242 -144 -741 -634 -802 -743 -1059 -1049 -836 -382 -120 -428 -590 -851 -1118 -964 -851 -943 -893 -953 -997 -1071 -1114 -1072 -1016 -1306 -1610 -1513 -1348 -998
-1027 -1336 -1336 -1284 -1265 -1133 -1347 -1275 -1443 -1281 -1062 -1276 -1514 -1502 -1289 -1115 -1299 -1053 -976 -859 -787 -993 -1215 -1414 -1609 -1575 -1924 -1223 -770 -1405 -1113 -929 -423 3 98 260 53 330 1019 645 734 1615 2468 2577 2747 2491 1545 1250 1290 1278 1801 2272 2997 3155 3590 3505 3049 3038 3365 3325 3020 3261 3923 4414 4073 3515 3217 2853 2715 2984 3239 3162 2980 2755 2191 1547 1094 422 -165 -1032 -821 -566 -55 33 792 706 1099 1196 529 78 164 -70 -622 -582 -877 -723 -1042 -923 -960 -461 -99 -415 -634 -834 -1187 -1081 -895 -981 -1075 -1142 -1047 -1138 -1079 -1080 -984 -1150 -1407 -1512 -1483 -1025
-903 -1192 -1255 -1213 -1243 -1144 -1387 -1355 -1242 -1382 -1365 -1533 -1526 -1518 -1515 -1588 -1291 -893 -753 -812 -710 -1012 -1019 -1253 -1469 -1700 -2101 -1220 -653 -1404 -1153 -1101 -987 575 20 -189 -6 205 450 644 644 1205 2295 2603 2175 2348 1532 681 1118 1109 1538 1978 2919 3350 3582 3080 3258 3241 3351 3424 3466 3429 3305 3394 3232 3053 3186 2789 2430 2459 2315 1632 2074 2222 1262 740 723 173 -1280 -1104 -1295 -1319 -872 -709 319 516 1200 1109 405 77 -44 -14 -381 -483 -888 -870 -851 -851 -1008 -709 18 -385 -693 -929 -1288 -1235 -1036 -1032 -1133 -1149 -941 -1100 -1088 -1107 -1034 -1040 -1214 -1580 -1730 -1211
-969 -1252 -1315 -1216 -1236 -1108 -1314 -1273 -1357 -1320 -1119 -1430 -1468 -1523 -1346 -1337 -1118 -851 -746 -756 -574 -759 -666 -1096 -1548 -1518 -2191 -1444 -598 -917 -865 -939 -835 -100 593 -288 -70 -276 1039 794 321 1427 2113 2378 2234 2037 1153 615 1125 1037 1245 1339 1996 2609 3233 3234 3258 3278 3115 3108 3662 4028 3946 3953 3180 2762 2743 2427 1986 2014 1765 1540 2011 1860 1375 492 571 -469 -1053 -756 -1693 -1592 -1012 -742 -213 242 669 530 627 393 187 -311 -632 -444 -800 -639 -673 -596 -795 -965 -166 -573 -731 -1032 -1434 -1370 -1168 -1058 -1081 -1143 -1003 -1128 -1095 -1129 -1085 -1045 -1120 -1501 -1827 -1382
-945 -1232 -1305 -1229 -1278 -1198 -1323 -1282 -1494 -1365 -1141 -1332 -1506 -1579 -1397 -1187 -912 -889 -804 -605 -422 -366 -460 -1142 -1713 -1241 -2118 -1766 -636 -369 -257 -120 -566 -1158 -456 -20 -631 -128 1091 725 729 1162 2088 2682 2166 2058 1580 799 1249 1000 1283 1528 1476 1301 1796 2393 2459 2867 3314 3456 3695 3985 4089 3970 3902 3369 2923 2607 2211 2231 1952 2029 1486 1533 1144 485 658 -667 -629 -779 -1444 -1293 -921 -216 338 1190 556 137 99 211 -54 -231 -296 -492 -631 -645 -696 -507 -772 -862 -166 -487 -746 -1123 -1467 -1288 -1044 -871 -857 -1006 -937 -839 -1070 -1069 -1071 -1103 -1079 -1304 -1670 -1417
-978 -1276 -1317 -1269 -1312 -1271 -1335 -1305 -1365 -1398 -1492 -1553 -1693 -1589 -1660 -1563 -788 -866 -629 -373 -304 -188 -408 -1102 -1638 -1369 -1977 -1842 -721 -245 -506 -336 -1084 -1573 -1254 -728 -165 1049 597 766 1303 1532 1540 2102 2208 1910 1305 1392 1176 1129 1588 1775 1458 1087 1107 1372 1453 1950 2485 2822 3018 3167 3371 3456 3572 3114 2465 2196 2051 2014 1820 1748 1280 1636 1061 828 511 -1055 -1410 -1295 -1291 -1018 -983 -209 105 788 241 276 -131 -417 -690 -759 -455 -568 -624 -384 -459 -264 -731 -828 -461 -259 -568 -970 -1385 -1277 -1082 -906 -907 -1081 -1267 -1189 -902 -866 -906 -1081 -1057 -1075 -1401 -1334
-953 -1254 -1251 -1263 -1294 -1356 -1388 -1397 -1327 -1323 -1437 -1427 -1799 -1639 -1503 -1004 -663 -777 -411 -274 -271 -173 -451 -945 -1367 -1446 -1805 -1849 -1378 -1015 -1192 -1225 -989 -1575 -1146 -945 396 1231 684 1015 1511 1332 1512 2098 1789 1588 1279 1112 1454 1582 1965 1782 1392 1265 1028 783 843 1072 1319 1764 2098 2327 2624 2841 2850 2599 2324 2108 1646 1355 1446 1683 1222 1124 1278 973 143 -1681 -1661 -1495 -1212 -937 -818 209 418 223 -131 -394 -394 -212 -621 -932 -777 -780 -483 -458 -189 -342 -800 -1122 -1072 -697 -786 -1223 -1372 -1376 -1151 -933 -838 -710 -929 -970 -698 -640 -643 -904 -958 -848 -1045 -1050
-931 -1210 -1174 -1209 -1231 -1386 -1381 -1424 -1308 -1297 -1389 -1413 -1799 -1616 -1304 -621 -495 -632 -336 -241 -209 -103 -546 -953 -1032 -1341 -1656 -2073 -2201 -1718 -1217 -1209 -605 -1189 -866 183 593 146 673 910 1382 1278 1396 2118 2052 1883 1144 1018 1789 1527 1521 1300 1050 993 867 777 710 827 1126 1439 1324 1644 2093 2037 2467 2163 2269 1940 1604 1319 1126 922 975 1160 1108 746 -190 -1745 -1742 -1362 -1081 -1002 -878 173 459 -75 179 -547 -237 224 -130 -747 -848 -607 -272 -445 -163 -413 -435 -871 -954 -872 -668 -1330 -1358 -1256 -835 -706 -858 -637 -820 -906 -624 -546 -482 -759 -868 -680 -763 -761
-957 -1272 -1288 -1338 -1375 -1475 -1461 -1500 -1396 -1482 -1536 -1472 -1545 -1487 -939 -556 -433 -492 -288 -129 -198 -467 -693 -832 -1290 -1191 -1492 -2592 -2541 -2334 -1291 -968 -249 -1030 -992 418 735 190 832 890 577 1435 1603 1594 2243 2451 1605 1017 1072 687 777 971 1484 829 1172 1235 751 825 1076 1467 1866 2083 2514 2359 2536 2558 2142 2242 1861 1545 1164 868 961 1320 1217 384 -48 -1304 -1363 -1218 -1528 -901 137 511 247 -40 -298 -553 -389 -73 4 -222 -328 -189 253 -308 -149 -408 -533 -1149 -971 -802 -839 -1116 -1138 -1058 -972 -850 -725 -692 -970 -928 -648 -611 -755 -787 -779 -764 -806 -568
-863 -1284 -1300 -1468 -1557 -1505 -1541 -1557 -1526 -1323 -1399 -1348 -1334 -1233 -826 -332 -424 -534 -327 -248 -411 -875 -1016 -1171 -1386 -1471 -1905 -2595 -2480 -2654 -1253 -1080 -159 -455 34 448 828 37 797 1077 -8 1208 1536 1496 2066 2293 1583 1235 1124 685 86 948 1298 1135 804 728 812 794 979 1925 2484 2527 2559 2745 2660 2555 2588 2627 2395 1959 1296 704 1220 971 439 91 263 -835 -1217 -1021 -878 -509 271 76 -75 -73 -361 -408 -392 -163 -71 -65 -61 93 1 -334 -26 -564 -647 -1033 -882 -850 -635 -939 -1226 -1301 -1096 -985 -848 -768 -1103 -873 -689 -680 -755 -758 -755 -738 -695 -300
-955 -1337 -1289 -1437 -1546 -1478 -1661 -1760 -1696 -1356 -1537 -1672 -1700 -1339 -1018 -513 -744 -927 -575 -317 -792 -1272 -1217 -1363 -1469 -1741 -1659 -1615 -2351 -1717 -1252 -763 333 190 298 310 177 260 718 953 161 722 1041 871 1289 1437 1395 1791 1350 1371 867 1353 741 1049 1374 1291 1089 1156 1617 1812 1920 1923 2316 2280 2576 2237 2201 1991 2139 2201 1823 1457 1232 598 440 292 -320 -1225 -1115 -748 -440 138 586 130 45 -165 -516 -393 -419 -38 -18 -83 49 60 -258 -248 86 -629 -781 -848 -986 -903 -605 -907 -1089 -1147 -930 -959 -1086 -1063 -1129 -518 -390 -458 -564 -670 -703 -655 -633 -286
-935 -1329 -1360 -1482 -1481 -1451 -1583 -1671 -1404 -1157 -1379 -1535 -1594 -1023 -868 -767 -1067 -909 -694 -551 -1017 -1385 -1384 -1184 -1191 -1039 -1338 -1001 -2354 -1877 -1966 -691 973 696 311 277 221 458 436 773 483 29 284 333 751 846 1185 1513 1331 1490 1229 1665 1627 1107 1307 1529 1790 1816 1922 1919 1755 1899 1997 1683 1965 1862 1896 1882 2069 2096 1905 1514 985 727 739 -93 -964 -1363 -808 -817 -493 534 567 100 -57 -576 -529 -98 -424 75 150 106 75 10 -392 -353 23 -657 -937 -739 -1073 -699 -626 -755 -925 -1008 -968 -840 -848 -1027 -1004 -361 -221 -330 -369 -418 -555 -771 -773 -323
-950 -1286 -1475 -1580 -1484 -1465 -1462 -1497 -1287 -1217 -1350 -1437 -1567 -1140 -1131 -1029 -832 -807 -518 -546 -1301 -1363 -1091 -1004 -627 -613 -749 -1012 -1471 -1889 -2248 -99 953 901 688 267 388 405 460 439 346 -577 -475 -208 551 507 635 889 1110 1480 1556 1715 1664 1430 1535 1162 1575 1486 1551 2001 2347 2171 2085 2159 2075 2082 1988 2145 2180 2108 1464 440 642 773 375 -712 -1757 -1104 -825 -1252 -663 336 178 -2 -202 -798 -598 230 -117 273 455 280 -180 -271 -310 -187 -220 -792 -1046 -868 -1010 -480 -640 -620 -674 -601 -708 -896 -861 -778 -694 -247 -140 -270 -387 -434 -453 -613 -642 -328
-1007 -1269 -1516 -1638 -1683 -1650 -1540 -1526 -1393 -1276 -1321 -1458 -1470 -1078 -1151 -1046 -602 -836 -844 -996 -1082 -1015 -720 -519 -528 -368 -1007 -1210 -1126 -1906 -1265 -285 1525 1966 522 -80 253 638 294 783 501 -496 -708 -531 14 126 366 726 1117 1387 1079 1647 1742 1837 1771 2202 1153 715 950 1263 1644 1723 2297 2298 2150 1898 1448 1413 1397 1228 1071 742 355 163 -163 -1026 -1732 -1361 -1177 -1000 -176 -55 -234 -87 -242 -652 -748 351 211 347 670 625 67 -524 -325 -41 -385 -780 -907 -995 -840 -503 -572 -430 -497 -337 -77 -363 -546 -661 -554 111 12 -222 -405 -483 -340 -454 -578 -322
-945 -1309 -1554 -1636 -1797 -1621 -1542 -1459 -1182 -1641 -1956 -1845 -1444 -1202 -1227 -690 -1014 -1253 -1079 -880 -531 -302 -185 -278 -509 -627 -887 -1355 -1355 -1404 -1065 -439 754 1582 1022 1280 1105 923 205 951 454 -386 -602 -723 -689 -351 124 195 447 1010 985 1387 1573 2512 2486 2309 1887 1104 872 1111 1134 1700 2107 1722 1875 1673 1521 1851 1553 763 555 803 273 -574 -780 -1485 -1127 -1415 -1182 -245 356 -76 -321 -521 -836 -723 -366 781 669 716 745 651 299 160 171 -75 -463 -710 -752 -864 -614 -611 -480 -293 -420 -315 134 14 -182 -372 -256 282 287 -42 -265 -462 -312 -405 -566 -189
-915 -1383 -1470 -1310 -1464 -1199 -1351 -1412 -1499 -1809 -1804 -1538 -1148 -1228 -1460 -1027 -855 -512 -415 -465 -247 -198 -356 -303 -564 -695 -509 -643 -494 -801 -1344 -143 427 1063 1634 1617 2136 1178 604 658 377 -260 -682 -843 -707 -774 -409 49 690 1125 998 474 656 1737 2360 2277 2366 1722 1379 1423 1639 1396 1522 1677 2087 1356 1331 1252 1250 787 389 228 -61 -1090 -1338 -1317 -1675 -1040 -1287 -500 -43 149 12 -775 -1548 -922 179 1188 1148 686 422 331 61 488 400 -119 -656 -834 -902 -796 -571 -751 -612 -481 -341 -389 12 223 177 -109 222 598 441 114 -5 -346 -286 -370 -566 -16
-844 -1185 -1140 -961 -1148 -1176 -1181 -1446 -1583 -1604 -2041 -1877 -1597 -1505 -847 -422 -185 -161 -238 -163 -331 -369 -257 -409 -414 -504 177 13 -332 -822 -1591 -300 -1518 899 2085 1933 2520 1508 997 1057 495 -28 -1112 -882 -655 -920 -860 -536 189 1014 1267 825 947 1092 1104 1626 1674 2012 1999 1696 1691 1824 1795 2360 2039 1409 1508 1055 1181 622 -27 -170 -810 -1065 -1631 -1477 -954 -1526 -1562 42 294 -54 180 -1211 -1235 -1099 -61 1035 1158 774 401 294 370 252 225 289 -352 -542 -860 -420 -17 -393 -375 -229 -129 -148 174 294 296 -67 167 601 473 298 297 179 -196 -376 -611 -371
-661 -1016 -913 -751 -1110 -1066 -1429 -1586 -1807 -1966 -1967 -1388 -800 -714 -408 -212 -298 -112 -350 -409 -200 -456 -316 36 200 -337 -103 385 -361 -975 -526 -632 -1011 952 1261 1984 2810 1236 1616 1958 266 70 -934 -336 -279 -498 -593 -512 -480 121 942 881 971 935 1823 1666 1740 1820 1852 1847 1599 1582 1378 1325 990 1313 1036 585 564 130 -69 -677 -711 -1315 -1439 -1063 -1267 -1795 -1937 239 476 -5 -260 -528 -897 -837 -136 559 752 518 54 271 268 205 75 -117 -361 -308 -210 -269 54 -384 -33 -143 46 -47 173 256 220 -68 179 662 694 219 55 152 126 79 -137 -10
-785 -1079 -768 -728 -1329 -1478 -1908 -1943 -1306 -1385 -1184 -987 -696 -669 -576 -386 -160 -281 -213 -185 -209 -344 25 129 8 -194 441 435 297 -823 -226 -638 -346 526 1358 2320 3421 1918 1817 1526 466 252 -295 371 13 -235 -362 -349 -250 -65 152 465 588 1131 1221 1706 1505 1766 1749 1810 1383 1277 669 75 529 995 742 1046 929 131 -257 -523 -643 -1367 -1511 -1307 -1254 -1908 -2027 -93 573 -423 -198 -989 -1366 -534 304 1215 1162 616 117 182 -75 83 219 228 -271 -290 82 -33 144 -216 175 -94 -38 -79 222 396 362 241 549 850 613 464 178 140 197 -13 -84 351
-788 -1088 -1159 -1423 -2022 -2118 -1802 -1204 -980 -1160 -704 -625 -574 -641 -774 -595 -608 -224 -203 -305 -144 -72 85 216 -33 107 494 123 478 -258 -198 -840 -167 870 2140 2475 3278 2905 1972 1513 861 138 -34 133 -271 -223 -276 -486 -34 -184 -324 465 99 468 644 359 757 1159 1277 1224 767 583 495 814 1388 1168 1079 1020 618 183 58 55 -1219 -1615 -1496 -1519 -1131 -2114 -1896 -342 502 173 -149 -86 -1238 -778 -172 833 1466 449 3 -357 -482 138 211 194 -256 -155 -116 -112 -32 -220 -309 -291 -146 -142 319 512 402 159 686 763 593 463 123 103 185 82 25 279
-1187 -1328 -1505 -1514 -1748 -1522 -1397 -1326 -1166 -1040 -602 -820 -731 -431 -603 -405 -670 -550 -343 14 -154 -214 -85 185 762 631 389 399 326 98 -670 533 143 1378 1549 2818 3854 3726 2230 1767 834 -138 -310 -1 -201 -390 -538 -338 -326 9 144 -108 197 -107 -40 396 41 443 1088 1155 799 587 517 686 1271 1221 275 64 280 -47 -375 -716 -1348 -1599 -1125 -1017 -1226 -1804 -1391 -405 921 629 -163 -255 -754 -195 -165 1 411 361 501 214 -196 41 -302 -285 -396 16 213 196 -58 -68 -269 -272 -334 -336 98 215 193 73 862 592 257 251 3 126 272 173 73 204
-1062 -1075 -1145 -1366 -1610 -1390 -1214 -1002 -1187 -851 -497 -837 -940 -677 -861 -529 -579 -483 -488 -205 -299 -352 -90 738 714 484 -89 298 195 514 615 852 655 1063 936 2670 4109 3349 2498 1970 723 -185 -780 -22 -281 -339 -538 -289 -649 -316 -26 408 -57 -441 -26 53 498 846 1010 772 273 355 557 958 983 638 124 254 -365 -589 -657 -1037 -693 -1438 -1186 -1113 -1960 -1210 -883 -230 929 544 -36 -618 -646 -513 630 450 26 120 43 592 722 466 -340 -350 -660 -737 -488 -338 -312 -18 -78 -646 -94 -78 262 373 389 315 971 591 147 296 178 75 155 -169 -213 117
-732 -913 -957 -1216 -1414 -1143 -1043 -1035 -1034 -773 -792 -1040 -1160 -993 -1157 -386 -215 -592 -698 -726 -541 278 709 442 485 419 306 427 698 1009 972 840 759 375 807 1912 3706 2829 2298 1422 911 488 -601 -532 -632 -224 -281 -403 -850 -420 -193 164 -61 -64 -686 25 277 -26 -328 203 17 130 327 439 257 -207 -443 -481 -490 -119 -234 -313 -759 -1187 -1232 -1071 -1741 -1046 -1053 -699 397 708 337 -155 -603 18 562 290 173 -46 -462 -39 224 126 -99 -62 256 141 138 165 -154 -242 -181 -281 322 749 1124 1136 945 832 955 537 588 469 247 50 96 -219 -312 -122
-581 -822 -1017 -987 -1209 -866 -908 -958 -1285 -839 -1130 -1568 -1419 -810 -1094 -901 -775 -603 -411 -522 -135 112 272 185 554 1180 1047 1263 1230 1683 1037 1410 550 165 422 1371 3375 2552 1742 1094 1054 819 -130 -811 -710 -589 -638 -550 -635 -839 -863 -695 -131 -23 -255 -279 -476 -290 -425 -260 -607 -147 582 6 -413 -522 -597 29 102 124 241 544 168 -148 -1328 -1865 -1866 -1391 -1230 -1032 -329 711 910 -240 -669 9 -119 144 154 258 189 -494 -723 -247 261 -82 217 287 266 668 50 -344 -503 -306 24 599 956 1079 960 1110 935 685 409 570 325 201 202 -81 -421 -88
-438 -833 -936 -863 -1056 -1486 -1724 -1604 -1362 -1086 -950 -643 -846 -1268 -1120 -784 -599 -471 -330 47 -326 -80 250 518 1073 1229 1658 1370 1034 1061 1001 1302 1331 1269 241 1495 2067 2165 1408 1373 995 732 264 -880 -870 -1001 -664 -940 -497 -327 -743 -748 -861 -572 -562 -1377 -959 -710 -575 -1187 -1105 -210 -252 -593 -684 -545 -660 335 562 447 535 50 407 15 -1472 -1773 -1338 -1311 -1363 -1595 -1171 -362 1000 181 -251 346 230 -158 92 60 118 74 -310 -357 -107 122 415 172 627 990 370 80 -427 -296 28 79 675 970 1354 1240 879 889 683 445 392 199 125 -85 -311 86
-377 -985 -1293 -1378 -1795 -1600 -1503 -1615 -1149 -754 -611 -725 -1244 -1261 -1186 -808 -747 -347 37 -255 -160 267 971 1307 1013 1067 1353 1224 893 1008 1067 1403 1765 1089 157 -118 691 683 1383 1862 811 422 408 -385 -1505 -1085 -858 -894 -296 -593 -716 -649 -532 -490 -901 -1207 -1010 -1040 -922 -1345 -992 -136 -187 -320 -547 -386 -426 113 159 151 373 519 141 -893 -1368 -1010 -448 -791 -1334 -1782 -841 -935 366 660 553 332 149 102 -1 296 271 76 5 62 158 34 23 551 611 368 -154 195 -316 -212 -219 -232 346 725 890 776 750 863 1060 808 616 253 105 -47 -178 -45
-556 -1137 -1506 -1232 -1660 -1754 -1598 -1197 -704 -809 -879 -861 -871 -797 -756 -1135 -559 1 309 575 1026 767 986 1058 1112 1011 1033 1177 1157 1154 953 1078 722 294 62 -256 546 -422 201 1560 1778 303 528 25 -551 -1358 -1041 -1022 -859 -769 -605 -772 -376 14 -185 -440 -1072 -985 -1279 -1338 -1738 -580 -682 -1005 -451 -201 -342 101 -105 -81 889 911 -427 -1388 -1706 -951 -747 -618 -857 -1346 -612 -443 -227 -8 762 1107 774 -57 104 346 371 370 487 504 708 545 271 95 142 -136 -717 -289 -169 -120 -280 -193 214 239 205 398 439 404 824 830 828 726 670 385 -80 56
-783 -1673 -1557 -1296 -1843 -1601 -1321 -1098 -868 -1054 -962 -698 -787 -885 -1261 -687 -14 530 1012 953 893 1112 926 1033 881 1199 1295 1372 1182 818 576 810 721 521 176 -223 -302 -233 76 845 1318 1274 323 600 -863 -950 -1288 -1003 -1304 -1251 -793 -626 -420 -151 -146 420 -184 -748 -1500 -490 -877 -1415 -1676 -1150 -666 -1060 -702 -336 -345 404 965 287 -867 -1389 -1022 -1189 -1285 -965 -1111 -1067 403 158 -243 -24 739 693 814 719 623 680 752 912 671 471 748 683 564 297 -30 -738 -1021 -443 -284 -285 -81 -637 -148 258 424 549 475 316 393 479 528 877 820 642 206 -95
-1293 -1719 -1440 -1390 -1466 -1216 -1295 -794 -893 -919 -685 -726 -904 -1203 -243 624 871 798 574 765 1040 792 1058 1096 1092 1686 1725 1537 1118 753 788 1107 759 247 75 -282 207 776 40 -340 432 1259 845 456 -461 -705 -856 -980 -1007 -1314 -1515 -1024 -365 -145 181 424 144 260 -445 -642 -294 -1158 -1677 -1186 -890 -880 -946 -422 -136 762 931 -485 -1085 -1537 -875 -891 -1437 -1370 -1071 -1435 267 1293 408 113 786 462 200 948 1227 1657 1785 1702 1123 664 744 664 1004 560 328 -55 -974 -993 -655 -31 -330 -486 -49 -45 150 480 532 419 241 184 487 633 519 282 195 226
-1114 -1523 -795 -629 -1330 -1430 -1236 -796 -676 -794 -863 -993 -616 332 792 675 630 643 846 971 953 1491 1164 1472 1722 1869 1571 1404 1307 1325 1312 1030 535 124 86 -78 -702 86 -11 28 -174 278 913 663 405 -282 -241 -896 -1063 -949 -767 -647 -530 -344 -211 -170 -50 -29 -221 -440 473 195 -1169 -1361 -1024 -1123 -1038 -539 141 647 -134 -932 -1151 -1461 -1035 -1093 -1347 -1151 -1326 -1044 -87 1390 1110 739 837 555 84 144 394 1566 2289 2477 1905 1155 843 1008 869 332 26 -150 -80 -77 -511 -725 -492 -642 -8 192 -62 -231 123 416 81 176 259 139 224 164 396 487
-751 -921 -675 -833 -1521 -1416 -1175 -837 -1073 -858 -785 -210 545 233 599 904 1014 619 1143 722 1098 1675 1841 1763 1424 1551 1352 1392 1214 1296 1520 1285 1320 127 388 67 -573 1113 947 -459 -523 -393 390 712 158 181 -13 -903 -729 -744 -705 -575 -693 -580 39 408 321 -177 -155 237 514 447 -489 -601 -1172 -1251 -1209 -460 41 -458 -896 -1130 -1351 -1219 -1443 -1711 -1224 -1103 -731 -816 -380 1466 1336 932 1501 979 -52 391 655 973 1235 1759 2208 2033 1583 1476 991 589 513 -67 -146 221 365 -31 -595 -809 -463 -258 -98 40 19 -172 73 -178 -277 -311 -304 -99 138 478
-488 -841 -996 -920 -1546 -1162 -749 -1039 -749 -310 11 267 251 473 1082 862 779 950 833 1439 1970 2153 1720 1129 1191 1345 1236 1575 1418 1422 1644 1612 1410 393 484 175 501 1479 1350 675 -109 -583 181 687 64 -132 -80 -458 -351 -610 -739 -371 -278 -50 -213 -185 562 135 -134 651 218 -554 -802 -891 -863 -1047 -635 -491 -622 -1067 -1352 -1555 -1705 -1272 -1759 -1757 -1163 -807 -295 -327 -268 1059 1464 1343 1229 1118 530 401 578 1016 1369 1299 1467 1894 1989 1772 1225 1068 863 670 394 218 -45 435 32 -543 -412 -432 -557 -284 -139 -22 74 -208 -537 -752 -608 -600 -355 281
-631 -815 -881 -951 -1741 -908 -547 -707 -496 -206 428 709 667 674 860 824 951 921 1633 2268 2079 1330 1060 1213 1294 1309 1474 1486 1410 1423 1664 1396 1066 796 1518 1026 712 1230 1631 919 461 657 -292 617 320 -336 -607 -909 -607 -102 -332 -201 12 -509 -696 -280 22 167 -136 553 398 -434 -1063 -1102 -924 -1150 -852 -429 -225 -672 -496 -1524 -1777 -1440 -2117 -1138 -1048 -1059 -587 -316 468 1648 1409 1934 1336 1318 1293 721 970 939 1117 1032 1210 1107 1354 1821 1772 1825 1620 1619 1093 241 153 98 142 70 112 -145 -538 -381 -297 101 104 15 -204 -1060 -779 -653 -594 -482
-636 -881 -992 -836 -1141 -556 -182 -425 -50 435 590 494 511 598 456 1019 1298 1880 2189 1781 1196 856 1043 1077 1272 1325 1407 1647 1267 1408 1460 1501 1782 1803 2198 1172 962 1347 1573 1299 595 1148 -248 -155 -989 -139 -522 -620 -999 -819 23 -131 -490 -601 -573 57 408 -282 -215 586 127 -1208 -1521 -1593 -1620 -791 -1236 -1363 -1584 -1242 -689 -876 -269 -964 -1468 -1318 -1057 -1177 -1126 -61 646 1952 2273 2624 2145 1791 1627 1266 964 1018 1101 1036 1020 867 1096 1047 1110 1651 1952 2090 1926 1473 1100 760 655 175 247 285 -146 -290 -538 -274 228 216 -248 -520 -622 -607 -557 -130
-500 -676 -518 -354 -151 -24 -117 63 441 659 621 677 844 758 1070 1499 1669 1814 1481 879 974 1310 1397 1147 1236 1336 1557 1439 1070 1370 1902 2176 2204 2290 2332 832 1106 1331 1810 1488 838 1066 1188 52 -127 -1235 -167 -689 -981 -1388 -720 -421 -864 -1089 -775 -717 -523 -857 -380 326 -627 -1555 -1766 -2027 -788 -1355 -1512 -1322 -1845 -1054 -953 -1011 -510 311 -435 -741 -1262 -1170 -1052 94 1008 2140 2732 3217 3054 2676 2119 1989 1183 899 915 1013 1168 943 750 481 1389 1045 1258 1970 2268 1873 1471 1735 1350 745 640 336 -130 -123 -302 -28 252 361 -193 -418 -517 -694 -429 20
250 -400 -477 -277 7 168 77 359 604 492 619 1053 1182 1218 1666 1663 1132 1146 916 1020 1270 1166 1302 1417 1238 1245 1502 1242 1260 1776 2213 2230 2254 1983 1978 870 865 819 1946 1947 741 839 924 1303 294 -1211 -1141 -473 -1143 -1414 -1060 -704 -1256 -1317 -969 -737 -520 -374 -153 155 -488 -1637 -2160 -1128 -2066 -1500 -1695 -1845 -1661 -1958 -1466 -706 181 -19 -137 -470 -1021 -1228 -835 49 757 2091 2786 3309 3146 3147 2571 2566 2262 1324 1102 962 1286 1154 745 729 1106 1135 1162 1157 1442 1939 1694 1808 1947 1298 1041 485 53 333 128 198 226 321 203 -445 -256 -817 -541 -306
28 -439 -240 579 63 161 495 398 619 983 1347 1437 1286 1824 1311 906 870 927 978 1110 1240 1200 1141 1340 1279 1198 1456 1758 1864 2069 2141 2225 2429 2278 2144 1209 647 502 2151 2176 1130 1033 937 1067 863 46 -1626 -666 -724 -880 -958 -988 -1097 -994 -1016 -1124 -637 73 -134 -429 -925 -2606 -1563 -1742 -1912 -1631 -2003 -1810 -1079 -1013 -685 -713 -289 454 -175 -903 -658 -1137 -610 282 853 2260 2800 3175 3119 3470 3112 2780 2957 2135 1599 1100 1044 1108 823 925 1005 907 952 1174 1151 1358 1130 1615 1970 1550 1655 1274 645 748 596 716 828 254 135 -441 -73 -553 -489 -204
96 -76 291 1064 223 527 1015 1166 1234 1437 1693 1721 1214 950 606 784 907 952 802 924 1181 1318 1195 1086 1388 1691 2015 2072 2265 2474 2384 2226 2249 2633 2074 1533 231 521 1824 1644 1491 742 765 952 1259 184 -1599 -1459 -935 -968 -847 -1153 -1136 -1146 -753 -711 -621 274 679 -345 -614 -1433 -2019 -1674 -1379 -1266 -1199 -804 -944 -1525 -1855 -1011 -469 483 -597 -686 -643 -521 -727 201 1264 2523 2883 3029 3180 3406 3289 2783 2726 2447 1823 1538 1115 1088 878 968 997 830 771 1107 1132 1240 984 1195 1334 1308 1780 1819 1455 1469 1152 1325 1407 1211 793 -143 -586 -192 -279 -237
450 499 971 1397 1108 1236 1134 1256 1206 1628 1581 801 446 444 895 757 692 836 984 1055 1153 1185 1005 1148 1479 2088 2166 2093 2402 2674 2281 1925 2236 2364 2047 2024 664 882 1359 1582 1217 996 1022 1288 1148 740 163 -1474 -1266 -1037 -783 -1154 -1493 -1416 -1090 -629 -550 -241 555 850 509 -271 -1488 -692 -655 -772 -1466 -945 -1192 -1592 -1390 -411 -297 648 -946 -1265 -999 -792 43 494 1295 2713 2991 2915 3054 3061 3151 2977 2895 2852 2163 2069 1526 1257 1017 1009 964 1062 1007 1171 1193 1169 1093 964 845 975 1452 1698 1617 1757 1543 1793 1897 1832 1531 1178 -14 -112 -291 -92
1185 1111 1290 1249 1227 1165 1279 1243 1217 1049 814 615 956 1002 912 846 986 957 857 910 1052 951 911 1245 1745 2326 2322 2547 2963 2859 2355 2251 2433 2073 1786 2164 1195 1703 1420 1627 1459 903 973 1540 1405 772 534 -1523 -1607 -283 -477 -492 -937 -950 -291 -1 114 584 1071 1799 1002 381 -162 -845 -605 -1044 -868 -672 -1186 -1479 -1281 -321 -565 -882 -822 -1017 -874 -388 518 128 1221 2628 2860 2983 3283 3195 3055 3022 3306 3180 2572 2220 2161 1898 1323 863 1035 1009 813 961 1184 992 1063 816 1059 900 1183 1393 1073 1307 1481 1982 2003 1910 1755 1814 942 611 433 302
1467 1228 1513 1352 913 1035 951 1018 655 820 501 775 860 1187 1110 868 1084 949 1013 761 811 1073 1261 1313 1793 1954 2069 2538 2975 2941 2484 2608 2807 2299 2201 2320 1387 928 1052 1775 1960 906 922 1096 1878 1089 477 -705 -1576 -670 -225 -480 -870 -9 -638 -150 418 466 1380 1755 943 661 -98 -1244 -689 -1366 -1279 -1599 -2039 -1203 -328 -191 -523 -1227 -771 -986 -813 -89 515 289 1213 1820 3110 3331 3406 3259 2977 3144 3255 3179 2614 2511 2507 2288 1921 1762 1442 1227 1044 1224 1347 956 977 1230 1008 834 1423 1251 822 1136 1284 1670 1848 1767 1783 1943 1621 966 909 1086
1297 1357 1754 1302 580 603 318 332 501 610 540 925 1099 1261 1106 1016 1073 920 974 872 1085 1364 1274 1346 1542 1746 1866 2057 2453 2736 2662 2993 2922 2529 2225 2043 1354 744 1065 1749 1763 1466 1266 957 1265 897 89 137 -1011 -700 -428 -231 -91 -149 -328 -59 -6 319 1018 833 106 -56 -124 -595 -628 -1054 -924 -1253 -1170 -251 -422 -614 21 -632 -315 -609 -648 89 653 607 1206 2809 2948 3063 3244 3179 3022 3014 3271 3082 2827 2508 2318 2199 1976 2027 1830 1794 1830 1721 1442 925 938 1127 1074 885 1183 1052 892 1206 1187 1394 1026 1580 1891 1993 1661 1303 1138 1077
1644 1516 1209 694 231 20 -133 596 594 659 675 866 1111 1319 1191 1211 975 968 1021 1238 1555 1177 1295 1570 1723 1763 1947 2082 2293 2493 2532 2930 2764 2539 2308 2103 1654 658 737 1149 1101 1753 1440 1229 1383 1024 404 311 -512 -568 -405 -62 375 -201 -195 -123 402 597 870 1036 154 129 406 -49 72 -912 -1155 -1381 -1219 -1162 -521 332 325 -119 101 -331 -700 -115 305 366 1261 3107 3251 2908 3006 3099 3104 3187 3290 3025 3161 2538 2333 2132 1982 2116 2301 2269 2326 2152 2016 1753 1474 1078 777 915 1179 1117 929 1170 1007 1094 1221 1098 1462 1836 1897 1337 1099 1353
2037 1445 512 407 35 -188 284 680 723 929 1035 1045 1138 1468 1346 1406 1005 1438 1564 1573 1691 1732 1830 1817 1993 1758 1859 2081 2125 2073 2201 2633 2580 2452 2307 2166 1942 778 406 740 802 1819 1690 876 1216 1533 727 226 130 -62 61 344 410 -91 -47 12 440 74 159 600 584 -392 -184 58 375 -810 -1684 -983 -616 -185 -79 237 1200 475 150 -457 -489 227 426 253 1316 2260 3256 2759 2824 2792 3172 3116 3234 3062 3085 2580 2090 1859 1540 1848 2334 2284 2422 2351 2270 2219 2073 1673 1136 1251 1195 1058 728 1010 744 770 1205 1236 1483 1177 1583 1489 1216 1224
1918 1127 811 577 129 245 295 637 715 961 1187 1157 1158 1302 1293 1561 1363 1751 1624 1705 2413 2042 1724 1963 1828 1582 1568 1785 1726 1802 2028 2302 2418 2265 2036 1827 1736 826 232 835 434 1636 1359 204 784 1515 871 527 961 734 746 804 440 146 -144 119 96 223 717 418 537 -80 -121 78 911 324 -373 -241 -140 191 544 1069 872 385 36 -592 -212 546 733 561 1527 1772 3123 2719 3036 2820 2978 2719 2931 3008 3085 2655 2031 1712 1574 1715 2139 2291 2441 2438 2369 2517 2343 1817 1440 1707 1801 1391 705 794 569 788 1049 1139 1717 1563 1557 1000 946 1617
1589 1047 528 587 153 174 553 649 649 767 926 872 1126 1287 1520 1689 1519 2125 2045 2130 2170 1885 1779 1891 1829 1825 1787 1712 1456 1682 2065 2179 2048 1894 1814 1629 1563 900 190 779 581 1286 868 667 969 1416 1310 1362 980 1556 1425 395 646 741 504 171 111 862 833 660 598 213 413 -272 1329 1696 853 -11 272 -8 486 272 381 408 263 -308 114 536 715 889 1696 2079 3233 2871 3301 3000 2798 2689 2644 2775 2763 2870 2106 1747 1501 1561 1875 2156 2413 2586 2346 2336 2317 2137 1985 2022 2131 1686 1162 1263 974 1166 960 1149 1559 1464 1276 1069 671 1203
1260 778 374 403 -89 233 783 694 673 697 844 1043 1305 1186 1661 2142 2054 2202 2174 2090 2076 1933 1846 1947 1649 1771 1798 1491 1114 1368 1841 1932 1659 1641 1788 1559 1584 1165 535 708 933 778 769 615 563 1003 870 1240 1419 2186 1115 1069 523 910 261 434 799 574 396 296 795 -197 -418 -168 555 1469 593 324 475 327 412 -17 342 356 -46 -406 124 277 399 881 1443 2068 3009 2719 3100 2779 2765 2812 2587 2715 2713 2762 2130 1581 1472 1538 2036 2177 2235 2514 2371 2384 2378 2119 1876 1896 2351 2048 1495 1494 1213 1461 1418 1318 1268 1177 1152 1450 662 638
1116 1344 947 728 655 925 883 1161 1079 1189 1182 1412 1850 1945 2254 2254 2033 2305 2227 2182 2134 2185 2054 1846 1272 1344 1585 1481 1335 1501 1727 1617 1631 1750 1852 1334 1548 1435 1128 1045 597 1081 984 247 297 492 517 324 1418 1980 1348 1189 443 293 421 632 1250 1482 887 937 878 -112 70 163 1166 1791 1368 668 336 622 255 -143 -384 -98 -257 -245 358 351 546 1511 1602 1713 3122 2757 3123 3017 2985 3123 2647 3011 3014 2908 2332 1869 1992 2475 2818 2562 2310 2679 2642 2505 2311 1907 1953 1687 2263 2212 1832 1846 1568 1638 1324 1702 2066 1858 1548 1648 853 869
