-327 -437 -316 -385 -561 -512 -512 -551 -740 -802 -688 -468 -575 -464 -247 -588 -712 -722 -576 -558 -502 -299 -136 -22 -233 -164 49 133 93 21 23 -92 -303 -362 -383 -378 89 658 707 705 913 1218 1130 1376 2101 2007 2159 2016 2091 1887 1987 1929 1937 1950 1830 1910 1640 1396 1541 1740 1877 1733 1818 1868 1960 2052 2111 2061 2152 1979 2007 2082 2076 2023 1802 1842 1899 1957 2000 1989 1819 1764 1204 1088 221 -134 22 -163 -135 -55 -134 -166 -168 -130 -14 -58 9 -37 -156 -457 -500 -498 -517 -560 -547 -516 -464 -395 -369 -369 -352 -337 -424 -441 -378 -374 -300 -299 -398 -263
-347 -570 -574 -656 -718 -584 -530 -545 -904 -1024 -1060 -929 -934 -800 -610 -885 -1146 -895 -661 -710 -687 -465 -304 -184 -250 -227 -137 -188 -359 -420 -352 -351 -232 -389 -423 -119 288 293 270 459 521 583 384 1158 1343 1458 1709 1588 1385 1427 1103 1223 1159 1167 1320 1186 1101 861 850 937 1092 930 863 978 1167 1150 1359 1564 1814 1713 1695 1672 1823 1961 1952 1893 1768 1623 1665 1699 1658 1502 1169 832 394 -331 -384 -455 -443 -454 -515 -502 -469 -454 -370 -371 -364 -395 -507 -819 -895 -909 -913 -932 -883 -859 -821 -766 -749 -751 -744 -709 -733 -746 -710 -742 -715 -652 -646 -412
-93 -455 -539 -647 -724 -648 -588 -610 -874 -952 -1048 -1010 -960 -789 -572 -646 -914 -668 -504 -558 -560 -481 -389 -182 -338 -282 -224 -284 -395 -382 -198 -79 -101 -22 -26 432 354 300 467 298 337 263 616 1332 1469 1363 1480 1096 583 305 367 755 811 716 372 151 725 707 805 601 1054 1188 885 779 743 735 907 1084 1339 1427 1404 1600 1631 1774 1844 1955 2013 1916 1756 1575 1732 1548 1642 996 633 270 -406 -374 -453 -460 -474 -420 -406 -405 -359 -355 -375 -390 -478 -819 -914 -953 -945 -942 -867 -850 -843 -808 -801 -805 -786 -758 -759 -749 -729 -765 -760 -761 -689 -393
-107 -460 -560 -695 -870 -861 -866 -905 -1022 -947 -966 -1000 -981 -870 -662 -508 -528 -508 -521 -457 -388 -485 -411 -59 -186 -160 -136 -149 -150 -144 -40 24 -18 -74 286 591 330 129 339 218 325 503 760 1497 1554 1613 1187 814 256 242 -23 438 331 62 65 -216 -187 199 372 105 854 949 731 876 995 365 340 658 893 766 864 1556 1307 1475 1698 1918 2077 2086 1965 1787 1690 1788 1682 1270 857 670 269 -339 -444 -425 -420 -422 -407 -369 -299 -260 -316 -318 -433 -759 -867 -884 -876 -857 -799 -805 -805 -793 -783 -789 -770 -750 -755 -773 -712 -801 -813 -837 -829 -534
-254 -563 -593 -712 -926 -987 -1010 -1030 -1162 -1036 -995 -1059 -1055 -1023 -947 -767 -706 -702 -694 -593 -500 -534 -363 -20 -155 -186 -193 -173 -10 -50 -63 -68 62 169 649 562 285 179 279 181 411 878 1208 1271 1399 776 664 664 635 675 402 643 452 -156 63 523 522 735 629 356 550 105 391 512 224 -58 205 520 566 416 407 811 1186 1174 1507 1874 1986 1955 2022 2171 1977 1742 1793 1534 1205 928 942 224 -407 -478 -477 -451 -427 -353 -295 -287 -317 -345 -449 -781 -857 -865 -834 -823 -787 -792 -789 -780 -779 -785 -772 -758 -757 -783 -801 -851 -866 -883 -908 -632
-190 -530 -572 -680 -912 -1024 -1063 -1054 -1202 -1183 -1121 -1130 -1068 -1031 -1102 -1020 -992 -772 -658 -676 -707 -624 -375 -212 -322 -385 -373 -382 -44 -133 -116 -117 -31 672 1013 270 286 352 337 334 618 1013 905 654 577 446 497 1057 759 733 762 579 657 696 747 918 1088 1148 969 1001 1403 1046 1374 1443 248 506 634 421 569 871 429 -108 1097 1269 1540 1476 1499 1696 1842 1851 1981 1679 1876 1600 1165 1095 974 929 -69 -389 -502 -454 -393 -322 -322 -312 -328 -369 -490 -805 -877 -859 -844 -838 -796 -791 -782 -768 -774 -784 -782 -787 -756 -821 -846 -870 -850 -859 -841 -545
-185 -572 -630 -723 -943 -1087 -1163 -1208 -1275 -1349 -1223 -1214 -1155 -1081 -1158 -1093 -975 -743 -602 -644 -778 -647 -376 -406 -392 -428 -363 -468 -158 -364 -288 -213 133 1071 501 47 265 101 170 533 684 753 737 255 609 476 116 92 337 235 -293 137 461 641 821 1016 1484 1524 1840 2364 2824 2662 2374 1835 1677 1815 1829 1927 2159 1974 968 272 626 995 1417 1215 1001 1209 1346 1444 1503 1971 1940 1840 1254 1120 1117 1098 529 -109 -402 -437 -426 -359 -326 -305 -332 -365 -485 -808 -876 -879 -859 -854 -842 -826 -810 -789 -796 -823 -844 -863 -840 -867 -857 -864 -857 -886 -887 -549
-206 -631 -686 -717 -908 -1045 -1155 -1203 -1342 -1402 -1218 -1262 -1299 -1221 -1221 -1103 -997 -983 -854 -728 -802 -690 -431 -489 -639 -589 -429 -575 -274 -546 -396 -235 578 1297 107 -68 117 40 334 408 39 418 132 -150 -76 325 150 360 -74 -16 49 595 711 1175 1041 1438 1609 1924 2389 2821 2905 2665 2135 1323 1662 1537 1407 1598 1514 1033 561 744 -55 -231 146 557 669 742 813 988 1291 1701 2223 2112 1479 1165 1197 869 955 211 -139 -303 -367 -321 -275 -265 -298 -329 -430 -772 -851 -866 -845 -835 -858 -849 -817 -796 -804 -849 -897 -920 -826 -873 -822 -828 -859 -924 -920 -562
-278 -618 -692 -760 -913 -1049 -1233 -1330 -1357 -1372 -1371 -1350 -1326 -1265 -1227 -1182 -1150 -1030 -1030 -962 -944 -852 -613 -689 -601 -689 -701 -562 -498 -485 -345 151 999 827 27 -125 -213 119 455 17 284 208 99 468 852 832 -39 -327 -308 -102 -24 478 633 819 1366 1583 1757 1707 1740 1623 1952 1402 1892 1901 1924 1093 1466 1168 1260 388 907 997 909 -92 -234 533 641 924 649 303 628 1047 1889 1678 1372 1367 961 1162 1194 423 21 -159 -248 -191 -263 -241 -331 -338 -487 -795 -844 -813 -831 -818 -828 -841 -868 -880 -890 -914 -962 -988 -976 -919 -922 -946 -923 -971 -957 -551
-229 -568 -650 -762 -936 -1093 -1250 -1334 -1357 -1372 -1385 -1371 -1363 -1321 -1288 -1260 -1187 -1103 -1182 -1200 -1227 -1101 -785 -784 -758 -757 -698 -558 -452 -412 -55 361 743 546 81 195 -433 -640 -881 -819 51 626 1102 1074 795 -105 220 -15 -45 383 590 1512 1825 1782 1965 1480 1482 1597 1677 1193 249 -477 46 691 332 1072 1145 1102 540 105 535 203 526 181 423 279 107 677 820 478 270 895 1231 1282 1420 1515 1068 1207 1083 715 328 62 -194 -285 -124 -13 -240 -328 -414 -749 -771 -748 -799 -783 -787 -806 -855 -881 -894 -909 -934 -954 -909 -845 -820 -840 -808 -868 -885 -520
-249 -586 -667 -783 -954 -1105 -1255 -1308 -1385 -1394 -1382 -1361 -1334 -1300 -1270 -1236 -1159 -1091 -1125 -1173 -1250 -1158 -900 -879 -835 -793 -685 -515 -432 -184 28 525 804 275 -218 -288 -482 -122 -634 -1012 160 342 464 192 33 6 407 8 137 952 1864 1982 1812 1362 1644 1319 1933 1030 895 359 202 -152 -438 -414 -229 -131 487 755 474 913 729 789 486 861 928 718 202 537 766 1310 1382 1029 809 986 1132 1078 1335 1004 1060 1004 499 309 -3 -314 -175 -54 -144 -231 -393 -728 -731 -739 -764 -759 -765 -799 -833 -860 -881 -885 -915 -915 -856 -784 -761 -756 -730 -789 -845 -496
-301 -656 -742 -825 -945 -1061 -1208 -1271 -1445 -1451 -1451 -1412 -1393 -1359 -1328 -1308 -1202 -1162 -1140 -1185 -1227 -1091 -882 -859 -795 -765 -597 -427 -251 -89 23 690 501 358 -252 66 183 -294 -1067 -773 -70 522 244 210 67 603 232 1007 1671 1774 1509 1794 1874 1668 1751 1185 1729 385 -212 -286 -291 -262 -79 149 -190 86 -459 626 959 1418 814 257 75 -33 65 199 48 315 92 1154 2276 1329 719 1223 863 892 875 974 948 972 591 210 113 -247 -219 -253 -166 -160 -374 -756 -774 -789 -797 -798 -818 -836 -869 -890 -886 -888 -896 -897 -822 -756 -735 -742 -710 -760 -790 -437
-321 -693 -800 -851 -946 -1031 -1202 -1304 -1354 -1375 -1387 -1385 -1363 -1339 -1322 -1289 -1154 -1187 -1175 -1246 -1206 -916 -686 -627 -822 -735 -596 -392 -148 7 203 721 583 2 -140 76 324 -1241 -816 -752 461 446 254 542 134 687 822 772 1017 1547 1614 1782 1653 1947 1632 1533 1582 1057 1088 664 536 695 653 736 665 731 284 142 236 334 450 509 623 7 -10 13 300 -248 87 857 1055 1733 1248 960 905 685 720 720 592 803 733 39 42 -38 -265 -301 -233 -225 -334 -721 -823 -804 -875 -860 -874 -885 -900 -921 -915 -902 -897 -884 -823 -773 -762 -781 -743 -757 -757 -372
-425 -788 -869 -927 -1006 -1122 -1295 -1401 -1483 -1513 -1522 -1504 -1476 -1418 -1373 -1325 -1229 -1238 -1191 -1302 -1245 -933 -791 -780 -774 -615 -491 -236 -85 187 438 659 508 353 -781 -484 -838 -1103 -550 -165 457 345 734 379 257 148 1346 1127 968 1436 1470 1653 1655 965 439 112 -89 208 722 662 553 102 337 226 663 994 1866 547 -345 -293 292 59 221 140 -34 17 -130 285 148 475 1075 1108 705 845 715 862 559 684 497 605 810 128 57 123 -312 -283 -259 -262 -350 -655 -820 -870 -895 -927 -953 -950 -974 -988 -992 -972 -948 -924 -908 -863 -881 -888 -835 -845 -810 -416
-528 -836 -872 -903 -1009 -1117 -1238 -1308 -1285 -1312 -1330 -1314 -1281 -1202 -1138 -1092 -1022 -988 -866 -1028 -1028 -733 -675 -717 -689 -544 -300 -152 -35 150 569 611 196 -157 -535 -642 -1601 -1467 -592 -247 354 132 162 734 412 1246 1582 1524 1776 2107 1644 940 967 252 -60 -80 -206 42 -39 -260 -31 454 290 55 -48 -31 217 715 720 793 384 -638 -746 81 303 -280 -343 -561 40 -206 711 671 966 1091 463 -56 941 499 535 444 680 201 111 145 -188 -229 -268 -278 -406 -653 -767 -904 -919 -962 -981 -986 -997 -1012 -1017 -1011 -978 -948 -1012 -983 -1002 -1009 -940 -937 -912 -516
-555 -809 -783 -791 -911 -990 -1065 -1083 -1201 -1249 -1298 -1322 -1316 -1279 -1240 -1201 -1113 -1080 -973 -1206 -1230 -857 -732 -721 -659 -598 -350 -305 -115 -92 511 533 355 -431 -851 -1405 -1595 -976 -150 -212 129 381 533 847 1944 1823 1409 1283 1044 1337 494 322 226 -690 -1161 -593 -987 -577 -349 -325 222 409 127 -290 -61 153 100 85 405 1099 445 591 -173 -245 -211 474 -179 -750 -78 619 448 768 1147 702 -134 -633 1170 1230 273 448 605 181 -79 67 -24 -188 -312 -325 -437 -717 -723 -852 -979 -969 -997 -989 -994 -1017 -1024 -1020 -998 -962 -1031 -1010 -1040 -1032 -948 -954 -943 -558
-624 -944 -892 -828 -925 -975 -1072 -1141 -1229 -1238 -1266 -1351 -1357 -1254 -1124 -1090 -1061 -1124 -1157 -1099 -1091 -913 -730 -594 -473 -338 -572 -168 -48 206 920 947 229 -858 -1188 -1525 -981 -287 664 -240 133 306 1298 2300 2148 1676 1404 1258 701 12 -330 -635 -696 -833 -1113 -917 -908 -726 -794 -683 -316 -256 82 -117 -511 -855 -917 -455 279 658 762 602 441 749 708 492 162 48 -751 352 1112 284 1373 945 -305 -413 -377 378 999 942 158 225 -146 -41 -317 -205 -364 -404 -565 -901 -839 -915 -1021 -1034 -1087 -1012 -982 -974 -989 -983 -978 -994 -985 -976 -972 -996 -964 -912 -824 -453
-642 -958 -901 -825 -908 -963 -1050 -1112 -1115 -1195 -1198 -1175 -1175 -1135 -1002 -914 -881 -951 -1006 -989 -980 -785 -617 -530 -527 -443 -273 -126 -65 145 977 501 -498 -870 -767 -762 -519 515 334 -798 746 1991 2726 2417 1984 1507 1094 563 375 52 -711 -1033 -785 -573 -895 -1580 -1641 -1511 -1502 -1251 -1698 -1515 -1070 -988 -1069 -939 -872 -763 -702 4 959 545 1543 975 1552 1569 287 455 -396 431 1343 608 446 439 -549 -631 -408 -176 466 800 674 58 -228 -271 -241 -232 -355 -456 -624 -894 -892 -938 -944 -1058 -1012 -978 -949 -940 -931 -950 -946 -945 -951 -944 -955 -983 -970 -935 -851 -490
-605 -925 -868 -792 -882 -937 -1019 -1090 -1108 -1152 -1187 -1239 -1297 -1258 -1182 -1161 -1140 -1167 -1204 -1185 -1137 -850 -682 -616 -131 -334 -221 -225 -50 224 815 -366 -1265 -478 44 214 583 869 -14 -97 972 2787 3126 2525 1855 1856 1031 411 119 2 -401 -536 -687 -851 -1264 -1998 -2777 -2371 -2178 -2442 -2372 -2241 -1648 -1841 -1266 -1242 -1105 -876 -322 -126 654 1648 1381 1508 1479 1861 1675 870 -137 259 772 2091 932 846 -256 -602 -605 -847 -25 616 396 223 -242 -309 -516 -265 -320 -472 -712 -915 -938 -941 -872 -1045 -988 -962 -922 -919 -923 -920 -925 -920 -861 -853 -860 -910 -899 -882 -808 -422
-534 -858 -805 -742 -824 -882 -976 -1046 -1159 -1152 -1184 -1223 -1249 -1138 -1089 -1084 -1137 -1123 -1145 -1101 -1005 -659 -462 -334 -123 -294 -275 -11 274 420 406 -918 -267 113 667 389 1006 45 -147 663 1178 2217 2435 2235 1578 890 863 1272 898 363 192 -187 -687 -961 -1401 -1591 -2410 -2339 -2565 -2121 -1975 -1767 -1549 -1435 -882 -893 -833 -470 -66 -282 591 1165 933 773 1356 2392 1602 798 807 279 694 1644 1940 1584 890 292 -424 -934 -370 56 324 580 -463 -466 -657 -593 -392 -486 -767 -948 -977 -972 -887 -1024 -1025 -969 -921 -927 -956 -933 -923 -940 -897 -895 -908 -944 -948 -927 -840 -455
-520 -845 -803 -734 -824 -867 -954 -1026 -1100 -1160 -1189 -1094 -1146 -1136 -1134 -1066 -1142 -1090 -1120 -1082 -1004 -652 -441 -262 -160 -282 -250 232 423 346 307 -484 -37 704 465 471 1054 432 538 1423 1517 1933 2548 2210 1011 548 994 1361 932 -140 -348 -473 -780 -1192 -1682 -1432 -1805 -2104 -2347 -1832 -1946 -1960 -1823 -1727 -1341 -963 -16 -51 -203 -160 -54 454 894 503 819 1650 1783 1398 891 434 863 923 1808 2320 1419 575 134 -323 -729 -89 741 487 -224 -595 -610 -636 -573 -440 -749 -992 -994 -996 -952 -957 -1049 -1023 -963 -974 -993 -954 -960 -970 -968 -967 -964 -1023 -1003 -983 -895 -514
-582 -909 -865 -794 -857 -888 -953 -1023 -1120 -1145 -1172 -1084 -1189 -1186 -1252 -1246 -1096 -1014 -1011 -993 -895 -576 -288 -112 -82 -168 -29 419 423 12 244 -9 459 1117 602 1276 640 1115 1633 1283 1522 1582 2170 2231 814 714 977 709 -218 -623 -755 -985 -1305 -1474 -1866 -2081 -1396 -1505 -1524 -1658 -1606 -1790 -1499 -1359 -834 -804 -329 133 -246 24 773 955 1370 960 603 253 609 1149 1547 569 714 1684 1169 1685 2444 939 -25 114 -898 146 223 291 167 -467 -639 -483 -699 -482 -717 -1074 -1020 -996 -1019 -953 -1006 -1060 -1026 -1021 -1014 -983 -991 -998 -931 -942 -953 -996 -987 -971 -886 -513
-624 -957 -922 -846 -910 -923 -994 -1047 -1148 -1098 -1133 -1060 -1133 -995 -1024 -1076 -1135 -1045 -994 -945 -874 -510 -148 -61 -226 -106 91 569 277 -333 -7 65 900 1076 728 849 852 1058 1287 1116 1488 1596 2000 1275 125 246 87 -924 -1064 -944 -952 -1110 -1369 -1367 -1464 -1861 -1259 -1240 -1493 -1378 -1453 -1395 -1184 -493 -598 -759 -269 -5 -179 454 978 456 736 1394 1130 229 461 692 1002 702 692 1301 1009 1605 2613 1919 152 302 -405 -54 -289 347 -97 -248 -494 -581 -615 -554 -655 -1022 -982 -968 -972 -951 -955 -1053 -1045 -1035 -1022 -1010 -1023 -1011 -987 -991 -1002 -1033 -1020 -986 -903 -528
-611 -953 -927 -861 -940 -966 -1030 -1099 -1033 -1102 -1193 -1078 -1162 -1109 -1127 -1058 -1058 -960 -900 -837 -800 -402 -24 -17 -320 92 43 359 -318 -673 -32 668 1415 494 607 420 1297 1571 1292 1190 1413 1456 1422 549 -173 -110 -886 -1456 -1872 -1608 -1406 -1371 -1242 -1055 -997 -1240 -767 -630 -549 -970 -957 -917 -453 -357 95 -91 -165 63 193 65 1022 978 548 349 1086 1126 -249 517 581 816 473 463 799 1501 2678 2308 1272 545 139 -106 386 217 -260 -90 -437 -412 -431 -560 -573 -868 -890 -909 -881 -933 -932 -1024 -1018 -1031 -1031 -996 -1029 -1036 -1016 -1016 -1012 -1027 -993 -949 -864 -486
-626 -933 -940 -923 -951 -1019 -1103 -1100 -1157 -952 -1154 -1218 -1347 -881 -973 -1114 -1024 -756 -494 -884 -773 -456 -22 -52 -31 34 396 491 -841 -241 466 773 1296 982 401 1107 1228 1416 1196 1256 1648 1288 918 584 -249 -1020 -1679 -2003 -1933 -1886 -1923 -1594 -1044 -533 -857 -1160 -1011 -808 -616 -262 -370 -554 -213 -53 345 -62 -233 -30 235 213 267 560 82 305 539 795 518 483 672 795 796 752 845 1518 2785 2590 1629 772 676 131 522 253 15 72 -338 -376 -295 -472 -697 -804 -862 -875 -875 -919 -924 -980 -963 -936 -910 -946 -926 -955 -952 -992 -997 -1008 -973 -983 -954 -570
-641 -937 -945 -945 -966 -1025 -1099 -1096 -1196 -1196 -1292 -1144 -1199 -1067 -1164 -1140 -848 -1007 -881 -813 -483 -349 -206 -122 118 94 521 -162 -785 95 515 452 773 649 136 1214 893 1032 1134 1118 1326 985 377 215 -547 -1375 -2004 -2100 -1962 -1667 -1577 -1361 -812 -390 -526 -700 -666 -332 -252 81 346 -16 -135 20 405 220 90 225 358 383 513 816 810 795 528 679 680 651 1007 919 903 1016 966 877 2696 2463 2101 1763 1668 656 223 -17 140 76 -187 -230 -257 -365 -628 -718 -792 -737 -756 -735 -819 -893 -862 -821 -818 -836 -824 -844 -870 -888 -902 -920 -903 -920 -884 -532
-649 -955 -960 -947 -969 -1025 -1105 -1106 -1126 -1110 -1174 -1222 -1186 -1048 -1021 -1061 -992 -790 -593 -517 -488 -356 -130 204 451 63 417 51 -20 68 304 737 1292 829 565 1626 1099 1218 1360 1274 883 498 -287 -32 -1107 -2139 -2406 -2059 -2292 -1666 -1376 -1269 -831 -540 -474 -449 -185 139 108 268 791 447 32 -66 552 666 313 5 71 376 737 937 1066 1279 781 693 767 622 1233 1316 1575 1100 428 772 2671 3093 2828 2473 2256 1354 830 484 239 -45 130 -93 -50 -100 -323 -451 -530 -563 -653 -635 -686 -774 -733 -708 -714 -718 -718 -727 -760 -786 -791 -811 -812 -834 -833 -476
-658 -949 -950 -937 -961 -1017 -1110 -1135 -1005 -944 -954 -1195 -1070 -896 -769 -919 -909 -634 -538 -472 -447 -243 -55 326 265 301 193 286 -5 -254 15 1016 1239 623 1170 1608 943 951 1133 1003 294 291 -122 -642 -1277 -1622 -2147 -1872 -2167 -1338 -980 -975 -858 -713 -617 -528 -134 118 204 195 703 655 376 44 480 723 506 192 94 271 539 481 766 1138 829 708 746 611 1197 1529 2160 1761 559 1118 2481 3103 3076 3041 3017 1748 1077 404 109 -284 74 199 -67 -105 -273 -407 -338 -432 -601 -592 -587 -691 -645 -630 -650 -654 -649 -674 -644 -675 -685 -706 -706 -746 -740 -392
-642 -921 -917 -912 -929 -978 -1085 -1123 -1241 -1237 -1150 -1287 -1129 -1130 -1018 -1123 -1024 -880 -837 -590 -559 -490 -376 87 231 209 -33 177 -231 -604 -155 1385 1148 646 1340 1244 858 1048 1426 802 395 270 -704 -1378 -1078 -1741 -2121 -2058 -2000 -1353 -1057 -908 -832 -567 -571 -575 -370 -87 106 102 618 726 722 639 626 767 739 567 457 733 913 532 768 950 804 590 646 898 1224 1315 2187 2579 1479 1063 2389 2986 2810 3454 3279 2261 1222 393 580 -194 -309 496 70 -141 -276 -526 -287 -455 -582 -549 -589 -669 -616 -610 -618 -625 -626 -620 -560 -584 -600 -622 -621 -643 -647 -308
-612 -891 -908 -893 -920 -949 -1039 -1102 -1065 -972 -917 -1133 -1011 -878 -755 -913 -992 -597 -352 -239 -407 -386 -173 259 517 -208 -93 428 14 -553 -339 1791 1381 1227 1314 943 956 1411 1790 810 631 -44 -833 -1437 -1562 -2102 -2283 -2104 -2085 -1760 -1424 -1111 -1047 -750 -761 -690 -419 -116 11 83 579 550 582 990 656 500 399 296 88 137 302 213 393 632 754 319 380 1042 1549 1492 2074 2544 2185 1067 2536 3564 3251 3913 3690 2824 1629 544 579 273 -272 471 320 -44 -222 -508 -192 -439 -556 -563 -643 -684 -625 -618 -593 -612 -598 -597 -543 -564 -583 -596 -580 -591 -578 -237
-631 -916 -928 -930 -944 -958 -1041 -1071 -1041 -869 -885 -1161 -1078 -799 -662 -832 -943 -654 -480 -327 -357 -224 -90 31 61 -466 -87 368 -66 -520 -335 1594 1215 1657 1488 887 784 1060 1326 732 436 -589 -843 -1002 -1864 -2293 -2119 -2098 -1680 -1630 -1281 -1074 -1004 -708 -632 -540 -238 -102 -96 -96 136 133 236 679 589 512 221 -248 -485 -452 -288 -72 99 515 1085 728 511 917 1926 1898 2133 2292 2367 1367 2083 3628 3937 4442 3611 3163 1896 1021 825 926 -17 -231 376 -65 -280 -471 -89 -361 -540 -608 -712 -711 -652 -621 -597 -599 -601 -601 -548 -581 -585 -594 -563 -570 -551 -195
-648 -943 -962 -978 -984 -972 -1047 -1072 -1149 -1136 -1107 -1087 -1058 -1006 -954 -926 -825 -868 -751 -340 -329 -351 -220 42 -259 -298 -189 357 -401 -834 -490 1374 1589 2006 1565 879 797 949 1107 838 518 -1079 -703 -935 -1527 -1750 -1641 -1301 -908 -957 -622 -745 -730 -437 -269 -203 106 27 164 173 92 235 379 457 656 498 49 -454 -441 -284 -320 -165 98 630 1547 1421 1013 965 2299 2088 1984 2260 2288 2073 1762 3645 3790 4105 3259 3185 1786 1206 1076 1310 620 850 561 76 -246 -397 -75 -355 -585 -654 -771 -724 -664 -622 -581 -587 -574 -574 -553 -568 -583 -586 -535 -528 -508 -159
-603 -910 -962 -960 -981 -1009 -1084 -1122 -1022 -918 -1010 -1186 -1064 -723 -604 -743 -887 -556 -397 -233 -351 -93 22 201 -131 -266 16 796 386 -650 -65 1039 1963 2521 1125 834 872 903 1017 562 289 -898 -991 -815 -1277 -1559 -1054 -959 -922 -693 -624 -635 -397 -310 -463 -162 -208 237 89 39 183 502 327 334 445 344 160 -82 -385 -434 -467 -157 -50 278 983 1373 1225 1094 2002 2338 2117 1749 2004 1982 1927 2819 3562 4027 3301 2617 1906 1551 1027 1332 733 1185 898 194 -111 -213 -155 -334 -546 -757 -861 -796 -712 -634 -610 -602 -619 -620 -582 -600 -593 -589 -570 -570 -533 -172
-612 -926 -976 -998 -1055 -1066 -1114 -1106 -966 -910 -963 -1065 -1000 -799 -682 -722 -801 -595 -436 -295 -299 -95 -138 -159 -429 -347 127 585 268 -697 125 1032 2084 2756 1325 717 856 1084 967 337 -241 -356 -921 -1395 -1541 -1645 -1362 -904 -716 -504 -464 -671 -652 -397 -402 -107 -108 167 22 122 503 919 676 528 283 185 148 -160 -514 -651 -605 -542 -131 202 554 972 1193 960 1719 2206 1808 1866 1708 1466 1541 2502 3583 3742 3298 2447 1673 1420 1213 1710 1080 1185 856 249 -172 -317 -235 -398 -563 -788 -925 -861 -794 -710 -678 -650 -647 -647 -626 -647 -652 -657 -630 -629 -587 -223
-689 -965 -969 -968 -1016 -1034 -1079 -1050 -1145 -1130 -1115 -1109 -1058 -970 -843 -765 -707 -650 -496 -353 -274 -166 -361 -608 -587 -210 286 182 -153 -1118 42 821 2356 2576 988 644 1203 1248 561 27 -178 -90 -1413 -2074 -1766 -1549 -1291 -635 -795 -759 -652 -684 -582 -343 -271 180 173 338 340 615 811 876 667 689 99 138 -55 -495 -687 -935 -968 -920 -789 -438 -15 423 1060 856 1267 1859 1275 1545 1142 989 1485 2314 3600 3477 3662 2304 1465 1393 1214 1662 1213 879 818 340 -178 -399 -359 -489 -622 -851 -982 -938 -868 -799 -754 -712 -695 -676 -672 -711 -736 -746 -723 -715 -675 -310
-737 -986 -950 -881 -883 -912 -989 -1023 -1012 -1011 -980 -934 -876 -808 -686 -610 -594 -612 -403 -297 -175 -151 -334 -630 -601 143 657 330 -32 -1010 209 944 1881 2538 1141 803 1339 1239 383 201 134 -211 -1564 -1927 -1627 -1314 -1222 -1364 -1353 -1133 -929 -1013 -859 -389 -343 7 274 370 434 663 527 355 203 356 -45 -72 -323 -615 -828 -967 -858 -769 -918 -480 -112 340 1066 815 1170 1604 1019 852 809 1020 1854 2476 3526 3651 3641 2539 1345 1179 1421 1520 1075 736 817 469 -80 -368 -411 -547 -726 -887 -1022 -980 -935 -856 -825 -771 -743 -718 -712 -764 -807 -839 -822 -836 -803 -457
-734 -1021 -1016 -947 -904 -939 -1060 -1113 -1201 -1174 -1172 -1195 -1131 -1032 -947 -951 -728 -743 -480 -420 -316 -325 -451 -645 -657 154 513 151 -238 -1026 60 786 1769 2607 1054 793 1453 1496 798 883 322 -338 -1248 -1305 -1343 -1051 -726 -1117 -1427 -1273 -1116 -1195 -1076 -624 -422 -18 299 219 69 197 43 -15 -191 -202 -133 -193 -204 -265 -683 -649 -408 -504 -521 -261 140 276 854 939 1074 1384 918 552 966 1171 1796 2497 3332 3757 3661 2455 1188 1236 1678 1393 1188 960 878 581 71 -203 -368 -508 -755 -888 -1018 -996 -951 -891 -837 -787 -758 -724 -730 -784 -846 -893 -907 -951 -955 -621
-751 -1110 -1163 -1148 -1132 -1152 -1264 -1324 -1439 -1409 -1408 -1423 -1346 -1202 -1129 -1137 -916 -861 -621 -601 -510 -479 -553 -719 -537 129 325 2 -391 -918 -114 666 1340 2561 1363 1236 1628 1303 671 681 480 53 -821 -1300 -1540 -1143 -804 -1238 -1363 -1498 -1619 -1410 -1071 -789 -530 14 373 149 16 238 44 -67 -219 -187 -110 0 -162 -331 -533 -787 -677 -573 -597 -317 118 342 744 1057 1002 923 696 700 1066 1238 1670 2572 3565 3741 3544 2490 1088 1058 1974 1471 1269 1427 944 624 236 -27 -272 -466 -736 -850 -968 -947 -904 -841 -799 -747 -704 -671 -672 -719 -780 -843 -881 -967 -1018 -710
-834 -1172 -1241 -1228 -1218 -1230 -1304 -1341 -1501 -1493 -1469 -1412 -1315 -1221 -1111 -1052 -871 -737 -593 -612 -426 -324 -483 -746 -574 24 423 208 -190 -655 -300 371 1283 2800 1830 1400 1520 1153 800 243 208 -9 -1057 -1730 -1889 -1413 -1337 -1569 -1807 -1710 -1946 -1718 -1282 -1098 -883 -673 -403 -539 -462 -158 -384 -496 -484 -278 -465 -421 -781 -1014 -993 -1488 -1448 -1022 -983 -663 -23 192 705 1187 677 558 788 706 1011 1217 1869 2810 3706 3513 3563 2108 1129 1297 2147 1505 1480 1821 980 630 328 86 -234 -523 -688 -861 -947 -925 -873 -809 -765 -717 -660 -621 -624 -652 -698 -766 -815 -940 -1036 -755
-897 -1176 -1163 -1120 -1108 -1121 -1187 -1180 -1250 -1279 -1232 -1125 -1059 -1055 -939 -801 -742 -581 -521 -561 -322 -170 -465 -865 -650 -13 591 314 -130 -500 -415 190 898 2166 1433 1257 1338 794 793 308 -276 -45 -1036 -2009 -2338 -1797 -1748 -1754 -2307 -2037 -2078 -1634 -1459 -1735 -1534 -1385 -1180 -1141 -1002 -814 -889 -697 -488 -389 -438 -780 -1015 -1281 -1496 -2019 -2013 -2156 -1559 -1004 -518 -478 318 911 346 335 1102 679 1191 1202 2141 3039 3567 3352 3282 1862 1250 1371 2103 1436 1333 1712 971 587 314 103 -244 -613 -717 -905 -1005 -988 -935 -860 -818 -767 -705 -652 -633 -657 -687 -740 -799 -955 -1066 -810
-864 -1261 -1236 -1061 -945 -993 -1127 -1152 -1191 -1153 -1182 -1201 -1098 -1035 -1052 -1016 -857 -656 -621 -708 -333 -328 -578 -939 -659 -223 498 299 -200 -662 -858 -39 594 1613 1688 1028 1034 1444 1196 245 -434 -116 -1214 -1747 -1558 -1631 -2321 -2229 -2361 -1720 -1900 -1871 -1927 -2174 -2114 -1228 -1260 -1328 -1514 -1474 -1143 -722 -540 -512 -614 -998 -1043 -1259 -1962 -2473 -2548 -2241 -1820 -935 -439 203 566 541 501 668 1295 827 676 1603 2471 3131 3327 3179 2840 1855 1201 2350 1804 1208 1460 1621 960 563 279 62 -358 -637 -794 -1007 -989 -1026 -973 -923 -876 -751 -696 -691 -619 -660 -689 -736 -781 -926 -1118 -944
-896 -1265 -1243 -1062 -941 -984 -1096 -1117 -1249 -1308 -1341 -1230 -1097 -1047 -987 -811 -846 -631 -648 -673 -343 -361 -806 -1320 -640 -142 374 487 35 -468 -950 18 609 1678 2060 1412 1074 1107 531 -161 -283 -100 -1350 -2332 -2577 -2554 -3099 -3419 -2945 -2526 -2321 -2345 -2223 -1668 -2015 -1929 -1481 -1468 -1628 -1505 -1022 -269 -246 -560 -313 -500 -643 -820 -1088 -1658 -2157 -1940 -1801 -761 -455 -105 64 281 502 602 1293 1211 775 1872 2581 3066 3266 3011 2483 1337 875 2059 1858 1092 1218 1532 947 614 445 -43 -352 -722 -738 -921 -977 -983 -969 -933 -869 -773 -692 -680 -629 -670 -708 -758 -795 -939 -1127 -949
-900 -1264 -1234 -1081 -1003 -1050 -1174 -1194 -1157 -1143 -1172 -1169 -1074 -956 -872 -824 -819 -560 -603 -549 -275 -267 -712 -1203 -785 -82 254 484 5 -237 -832 -9 603 1405 1894 1288 1289 1084 470 -524 -347 -914 -2535 -3488 -3185 -2727 -3571 -3781 -3281 -3174 -2667 -2960 -3343 -2542 -2828 -2716 -2041 -1744 -1597 -1408 -1219 -670 -626 -756 34 -386 -819 -1437 -1936 -2300 -2763 -2843 -2778 -1600 -985 -663 -97 165 62 -117 1130 1164 741 1767 2479 3200 3223 3323 2319 987 918 1999 1897 1088 1258 1438 950 751 606 -8 -311 -706 -746 -833 -949 -914 -925 -926 -861 -784 -693 -667 -640 -682 -714 -777 -805 -948 -1125 -943
-922 -1263 -1223 -1109 -1051 -1109 -1214 -1233 -1404 -1443 -1384 -1317 -1220 -1086 -1008 -990 -784 -681 -818 -700 -451 -338 -720 -1178 -854 20 173 305 -181 19 -406 -155 125 624 1580 1370 1561 1214 691 -574 -1175 -1276 -3388 -3909 -3179 -3267 -2673 -3013 -1970 -2201 -2004 -2268 -2791 -2443 -2844 -2615 -2342 -2081 -1773 -1430 -1333 -771 -560 -700 -439 -812 -1228 -1939 -2696 -2787 -2690 -2374 -1785 -896 -940 -978 -41 364 351 -127 1175 1202 813 1857 2761 3334 3031 2916 1944 595 1215 2090 1710 1203 1549 1298 941 878 579 48 -336 -548 -742 -790 -959 -874 -922 -921 -868 -790 -709 -687 -686 -717 -754 -813 -839 -969 -1140 -963
-980 -1284 -1244 -1149 -1128 -1162 -1241 -1245 -1262 -1432 -1397 -1228 -1160 -1095 -989 -938 -604 -613 -789 -628 -420 -290 -594 -1056 -731 158 248 429 166 259 -265 -577 -61 178 1398 1483 1254 902 272 -831 -1310 -2076 -2499 -2979 -2304 -1829 -1461 -755 -229 -359 -325 -74 -269 -775 -1489 -1394 -1635 -1512 -1424 -1361 -1344 -851 -452 -556 -681 -792 -703 -1041 -1703 -1567 -1294 -1221 -235 -464 -607 -619 99 222 495 420 1162 1256 738 1858 2866 2901 2780 2054 1338 309 1495 1934 1475 1388 1608 1178 914 885 434 -62 -485 -489 -744 -864 -1012 -886 -941 -936 -892 -836 -753 -721 -751 -779 -810 -866 -892 -1018 -1185 -1001
-990 -1281 -1267 -1245 -1259 -1317 -1391 -1392 -1463 -1451 -1408 -1484 -1465 -1154 -988 -1120 -846 -738 -650 -526 -517 -494 -568 -820 -819 -8 0 501 709 375 -189 -802 204 613 1385 1319 1046 989 412 -969 -987 -1238 -1182 -1424 -791 -536 -64 610 382 715 635 617 496 17 -201 92 -660 -860 -837 -661 -706 -689 -431 -648 -560 -583 -712 -726 -657 -621 -475 -50 96 521 400 -168 -139 -94 247 -428 757 805 654 1734 2377 2398 2464 1872 1078 578 1756 1704 1631 1657 1335 1191 963 779 240 -156 -577 -538 -707 -888 -1047 -918 -963 -970 -944 -897 -836 -782 -817 -844 -872 -922 -955 -1083 -1259 -1075
-1008 -1291 -1297 -1316 -1375 -1447 -1513 -1516 -1661 -1513 -1393 -1504 -1524 -1106 -850 -1012 -883 -773 -501 -401 -461 -522 -398 -477 -984 -374 -410 256 715 285 -48 -840 -104 1011 1432 1217 1317 1275 934 -585 -1279 -1108 -732 -1766 -1190 -1023 -101 534 957 1032 789 507 429 413 553 813 397 -111 -523 -355 -218 -318 -37 -157 119 206 412 761 1054 1040 956 954 1016 1287 1348 1186 237 -89 220 -57 306 164 321 1448 1720 1714 1462 1058 1172 921 1646 1403 1646 1741 1213 1216 941 585 -19 -245 -695 -636 -692 -849 -1104 -978 -1023 -1036 -1033 -974 -911 -853 -870 -904 -926 -986 -1030 -1159 -1341 -1171
-1067 -1329 -1324 -1327 -1383 -1422 -1450 -1430 -1215 -1384 -1255 -1094 -1269 -1337 -1129 -988 -748 -932 -768 -622 -483 -505 -396 -597 -967 -470 -660 -119 310 106 219 -816 -623 823 1149 935 1108 837 576 -383 -1878 -1944 -1467 -1859 -1402 -1057 -647 -545 -288 -554 -282 102 610 912 783 745 898 755 386 250 63 -160 93 -154 428 780 1257 1493 1163 863 890 858 1774 1015 843 1764 728 161 848 1092 300 -31 -290 1211 1753 1682 1502 853 1106 883 1332 1300 1518 1671 1276 1051 867 434 -283 -357 -936 -770 -808 -956 -1182 -1075 -1111 -1127 -1126 -1048 -973 -911 -935 -956 -984 -1050 -1087 -1233 -1415 -1247
-992 -1190 -1308 -1354 -1291 -1412 -1509 -1331 -1351 -1490 -1482 -1306 -1277 -1361 -893 -1050 -858 -748 -422 -498 -374 -453 -309 -630 -861 -555 -249 -168 222 -35 124 -851 -643 631 749 108 663 865 414 -441 -1695 -1378 -1140 -1369 -986 -1135 -945 -540 -1127 -1011 -421 -380 -628 -293 678 924 1496 1237 697 183 -224 -130 339 284 633 1261 1454 834 826 874 911 1652 1359 1292 558 579 837 962 438 353 645 369 224 990 777 1682 107 703 1080 1435 1575 1555 1855 1316 1338 608 552 -40 -266 -577 -895 -997 -861 -1058 -1320 -1130 -1148 -1155 -1167 -1094 -1056 -1003 -961 -985 -1030 -1110 -1173 -1326 -1485 -1312
-1035 -1245 -1334 -1361 -1299 -1404 -1512 -1337 -1709 -1486 -1327 -1348 -1372 -1218 -709 -949 -903 -704 -379 -441 -384 -552 -478 -707 -866 -901 -640 -20 370 -66 632 597 -1063 174 1172 523 -519 368 325 -536 -1565 -1230 -951 -818 -653 -238 108 788 785 1067 1754 2230 2063 1819 1502 1632 1664 1334 609 160 174 550 1020 1166 1054 830 471 863 2001 2692 2608 3445 3423 2872 1965 1433 1074 416 1284 1321 824 333 161 996 1136 1411 -543 437 2362 1568 1190 1555 2022 1357 1235 461 432 -196 -455 -663 -876 -986 -932 -1061 -1268 -1195 -1226 -1218 -1197 -1117 -1068 -1015 -1006 -1027 -1073 -1162 -1230 -1374 -1525 -1333
-1103 -1308 -1372 -1382 -1340 -1400 -1500 -1376 -1321 -1447 -1452 -1296 -1259 -1285 -1008 -1197 -754 -807 -754 -817 -455 -775 -659 -599 -964 -765 -209 598 720 60 671 993 111 511 2038 1748 -118 803 1045 -16 -317 97 286 1059 1108 929 1341 2028 1876 1507 1124 1510 1955 2637 2190 1847 1966 1461 591 160 246 420 630 950 1470 1457 1080 1115 1810 2963 3266 3745 4422 3189 2980 3649 3321 2600 2099 1521 1266 368 -115 406 1499 1403 202 1391 2182 1306 1191 1904 2214 1244 1184 361 243 -316 -601 -775 -974 -1064 -1071 -1119 -1265 -1304 -1332 -1331 -1294 -1184 -1103 -1056 -1039 -1067 -1106 -1206 -1269 -1403 -1560 -1353
-1144 -1360 -1391 -1407 -1374 -1431 -1508 -1441 -1345 -1180 -1162 -1270 -1343 -1159 -809 -916 -844 -698 -634 -478 -369 -853 -861 -394 -315 -367 136 911 1006 380 227 381 639 -199 1674 1607 431 1234 1177 388 765 577 680 1635 1547 739 717 1223 801 1477 1185 1572 1878 2469 2541 2417 1896 1089 188 49 343 524 592 979 1135 1550 1563 1371 1327 1798 2202 2410 3526 3415 3225 2206 1887 2399 3057 2080 1346 859 415 626 1091 2318 960 2100 2427 1590 1577 1895 2007 1182 1181 354 -25 -430 -650 -925 -1081 -1148 -1264 -1396 -1340 -1410 -1407 -1434 -1394 -1266 -1167 -1128 -1080 -1097 -1134 -1208 -1277 -1410 -1548 -1340
-1125 -1366 -1380 -1387 -1392 -1428 -1509 -1513 -1596 -1389 -1334 -1350 -1363 -1139 -875 -835 -821 -713 -591 -582 -452 -1008 -992 -747 -443 -271 399 569 340 302 -320 -238 210 -629 427 976 332 543 949 396 -291 215 1527 2286 1290 -12 180 350 851 1490 1027 1164 1134 1964 2992 2321 1733 1229 836 748 608 505 689 1353 1861 1875 1714 1514 1280 737 1769 2793 2993 2750 2493 1816 1907 2009 2248 1695 546 859 601 1663 1769 1776 1742 1786 2102 1626 1850 1982 1761 1093 1006 84 -246 -493 -662 -1041 -1105 -1161 -1339 -1541 -1518 -1574 -1529 -1535 -1474 -1331 -1215 -1179 -1143 -1141 -1138 -1208 -1258 -1379 -1515 -1291
-1059 -1325 -1322 -1352 -1399 -1425 -1491 -1538 -1492 -1519 -1579 -1415 -1333 -1258 -1217 -1014 -799 -695 -712 -779 -747 -1031 -1003 -946 -830 -439 579 663 -117 160 -770 -276 378 -61 421 887 102 92 199 -146 -658 -705 549 2004 1735 -148 -134 248 482 362 373 1775 2584 2653 3313 3099 2771 2232 1812 1697 1500 1348 1188 1453 1965 1966 2035 2108 2090 1491 2193 2670 2060 1894 2267 1768 2175 1663 2052 2521 1351 882 14 839 1159 2046 2346 2169 1570 1594 1865 1884 1443 1051 1021 83 -489 -626 -767 -1151 -1141 -1120 -1332 -1539 -1554 -1628 -1595 -1562 -1479 -1365 -1293 -1249 -1185 -1182 -1168 -1205 -1242 -1340 -1456 -1222
-1013 -1295 -1297 -1326 -1401 -1397 -1448 -1535 -1572 -1098 -1051 -1260 -1368 -1079 -997 -815 -936 -589 -228 -404 -602 -1050 -819 -764 -437 -528 391 1199 345 621 -816 -26 110 20 80 341 99 126 74 -391 -936 -73 1134 1432 1182 727 602 417 1298 652 1075 1919 2512 2650 2795 2645 2713 2460 2076 1951 1848 1916 1748 1982 2326 2465 2607 1859 1692 1692 2052 1942 2445 1989 1137 1434 2005 2083 1687 1282 2114 940 400 367 465 1476 1297 2183 1749 1945 1922 2054 1434 1280 1106 -22 -683 -757 -910 -1119 -1051 -943 -1209 -1468 -1681 -1722 -1714 -1677 -1544 -1411 -1340 -1316 -1235 -1221 -1202 -1236 -1241 -1324 -1404 -1148
-979 -1284 -1274 -1310 -1395 -1381 -1416 -1520 -1430 -1178 -1257 -1376 -1422 -1199 -1180 -872 -792 -682 -497 -550 -829 -1099 -881 -1010 -818 -322 645 1243 253 1105 -599 -375 -118 -611 -85 -23 588 365 -337 -530 -123 -550 191 1070 785 443 -7 -50 592 588 1806 1908 2328 2864 2812 3136 2927 3013 2822 2713 2539 2413 1955 2094 2404 2295 2576 2527 2547 2752 2477 2994 2925 2427 2126 1579 1605 1804 1422 1336 2097 791 992 1023 1227 616 1075 1990 1851 2031 1692 2203 1457 1170 1135 -31 -757 -783 -902 -1031 -936 -792 -1050 -1300 -1703 -1701 -1732 -1728 -1609 -1463 -1413 -1400 -1274 -1263 -1238 -1283 -1274 -1334 -1394 -1123
-998 -1291 -1314 -1297 -1311 -1399 -1482 -1374 -1504 -1460 -1388 -1412 -1379 -1253 -1052 -935 -828 -705 -740 -717 -1091 -1064 -1106 -1000 -683 -372 431 632 594 1037 322 -229 -14 -472 688 218 324 598 320 -232 -74 -73 -1 410 243 267 180 -152 316 1343 2033 2086 2116 2561 3018 3021 2946 2930 2865 2620 2550 2427 2553 2952 2529 2728 2584 1997 1726 1982 2459 2506 2400 1963 1837 1910 1794 1667 1664 1155 1412 1567 1001 1343 2035 1069 83 969 1602 1379 1761 1832 1224 1385 822 -381 -855 -889 -1015 -1002 -1079 -973 -1014 -1289 -1490 -1680 -1815 -1825 -1731 -1606 -1516 -1455 -1409 -1398 -1379 -1382 -1373 -1408 -1467 -1201
-1015 -1194 -1217 -1307 -1323 -1294 -1374 -1385 -1370 -1336 -1378 -1468 -1366 -1149 -1012 -981 -869 -754 -752 -879 -1298 -1280 -1132 -952 -827 -759 245 680 595 1186 994 425 24 -165 1249 613 842 652 496 82 207 197 43 508 386 403 522 563 1503 2075 2304 2466 2450 2458 2913 3104 3533 3485 3532 3348 2948 2804 2935 3080 2514 2703 2740 2416 2019 1899 2134 1860 2150 1681 1706 1801 1754 1777 1891 1421 1397 1750 622 775 2271 1017 -136 739 1203 956 1408 1335 904 1103 429 -586 -1028 -1282 -1173 -1380 -1357 -1336 -1239 -1516 -1763 -1859 -1918 -1947 -1958 -1917 -1851 -1786 -1644 -1609 -1588 -1572 -1556 -1599 -1645 -1368
-1022 -1218 -1216 -1287 -1291 -1281 -1341 -1345 -1269 -1298 -1389 -1425 -1268 -1077 -1007 -997 -819 -661 -684 -885 -1349 -1549 -1275 -1047 -718 -749 35 355 440 1241 1349 406 263 -217 1442 1281 514 86 278 -39 380 87 -120 166 480 1179 1616 2066 2044 2491 2508 2532 2538 2621 3088 3365 3421 3490 3578 3362 2700 2500 2685 2872 2868 2801 2705 2638 2499 2475 2788 2469 2118 1652 1733 1687 1433 1412 1464 1022 1113 1335 165 168 2457 950 -267 778 1611 822 1193 867 454 668 88 -690 -1158 -1239 -1349 -1268 -1533 -1397 -1451 -1656 -1939 -2025 -2059 -2013 -2009 -2011 -1976 -1910 -1796 -1748 -1700 -1665 -1654 -1676 -1723 -1448
-876 -1211 -1177 -1055 -1037 -1095 -1128 -1002 -948 -1081 -1160 -1074 -924 -858 -774 -676 -475 -437 -538 -853 -1400 -1489 -1313 -1071 -697 -890 -478 -45 464 1235 1363 294 629 131 1170 1195 704 -55 -59 156 -102 -51 362 1035 1647 1796 1682 1600 1603 2117 2183 2043 2159 2492 2945 3240 3506 3575 3375 3129 2643 2518 2755 3115 2715 2642 2546 2814 2967 2730 2826 2558 2232 2048 2146 1938 1479 1531 1539 1347 954 1072 13 532 2204 919 -858 182 1564 941 1642 1255 790 647 -36 -863 -1234 -1226 -1306 -1335 -1381 -1398 -1343 -1469 -1991 -2055 -2131 -2223 -2245 -2165 -2069 -2014 -1872 -1810 -1726 -1681 -1661 -1688 -1723 -1429
-910 -1250 -1189 -1026 -970 -983 -992 -899 -924 -1034 -1047 -881 -794 -769 -698 -584 -399 -473 -725 -977 -1386 -1506 -1388 -1235 -1131 -1365 -978 -426 497 1560 1575 -3 692 531 827 1057 770 530 216 260 504 653 970 1005 1503 1456 1279 1355 1799 2262 2406 2442 2598 2784 3094 3431 3505 3237 2787 2641 2465 2463 2528 2758 2681 2722 2558 2708 2883 2402 2342 2308 1973 2043 2164 2021 1560 1553 1402 1449 1108 1094 117 964 1821 546 -616 -106 612 722 1773 1596 1321 928 181 -437 -918 -993 -1116 -1306 -1502 -1501 -1539 -1530 -1934 -2006 -2127 -2238 -2285 -2226 -2143 -2115 -1953 -1887 -1807 -1744 -1718 -1740 -1755 -1466
-1017 -1248 -1194 -1199 -1193 -1084 -1112 -1205 -1295 -1271 -1202 -1033 -955 -900 -862 -878 -738 -935 -979 -1163 -1524 -1734 -1756 -1669 -1428 -1735 -1172 -615 -124 876 1321 250 563 1005 360 366 561 1054 808 1509 1559 1569 1615 1308 1558 1381 1303 1269 1268 1772 1880 1987 2198 2429 2892 3168 3373 2933 2715 2679 2614 2711 2682 2675 2778 3106 3236 3129 3108 2573 2545 2529 2183 2153 2211 2282 1835 1399 963 1157 749 836 428 1626 1551 22 -418 -216 159 177 1028 1290 1224 687 36 -203 -589 -744 -843 -951 -1288 -1479 -1578 -1694 -1814 -2018 -2183 -2243 -2230 -2201 -2131 -2066 -1991 -1926 -1842 -1790 -1750 -1757 -1767 -1460
-968 -1183 -1128 -1168 -1185 -1063 -1094 -1231 -1203 -1188 -1194 -1115 -993 -819 -742 -736 -825 -957 -1003 -1266 -1719 -1952 -1802 -1779 -1334 -1535 -1197 -1124 -761 269 932 449 -75 1207 1357 1008 842 1405 1772 2164 1864 1581 1651 1460 1833 1495 1064 1449 1469 2214 2557 2753 3031 3267 3499 3419 3080 2890 2968 2823 2785 2956 2986 3170 3110 3100 3271 2781 2447 1927 2078 2195 2041 1878 1781 1764 1400 1076 986 1341 733 961 881 1909 875 -9 -578 -213 231 -145 433 987 1160 624 -69 -285 -601 -641 -737 -635 -879 -1018 -1057 -1256 -1589 -1819 -2050 -2180 -2236 -2209 -2141 -2086 -1938 -1886 -1816 -1774 -1735 -1738 -1727 -1418
-983 -1283 -1180 -1056 -1038 -985 -975 -974 -1046 -979 -964 -821 -662 -552 -543 -564 -447 -645 -783 -1196 -1753 -1893 -1519 -1392 -1325 -1291 -1073 -1046 -613 144 416 395 693 1736 1291 1640 1394 1499 1162 2218 1990 1317 1526 1500 1401 992 928 1324 1655 2201 2602 2830 3064 3223 3163 3047 2959 3047 3136 2686 2739 2851 2827 3278 2924 2502 3019 2922 2682 1978 2024 1968 2243 2222 2105 1711 1291 1034 1007 1059 819 834 1076 450 73 53 -163 129 372 23 333 683 950 604 -92 -346 -569 -596 -687 -848 -920 -851 -878 -969 -1095 -1450 -1820 -2060 -2192 -2239 -2158 -2044 -1937 -1895 -1838 -1805 -1756 -1748 -1745 -1436
-933 -1287 -1255 -1027 -869 -899 -968 -982 -996 -1023 -1034 -857 -670 -563 -579 -597 -618 -950 -1031 -1260 -1664 -1878 -1717 -1296 -1400 -1163 -891 -885 -967 210 298 121 805 961 914 1413 1274 1107 1282 2123 2191 1370 1274 1282 1409 1370 1246 1565 1208 1471 1608 1693 2124 2656 2701 2518 2866 2971 3143 3563 3673 2807 2733 2862 3011 2488 2955 3142 3031 2180 1635 1499 1686 1987 1831 1436 874 1035 1202 965 929 1148 1050 377 68 24 -370 154 148 372 422 173 406 277 32 -267 -488 -732 -732 -732 -947 -954 -890 -848 -1001 -1095 -1337 -1648 -1927 -2148 -2097 -2014 -1999 -1901 -1886 -1862 -1728 -1769 -1800 -1375
-905 -1312 -1223 -966 -875 -863 -865 -945 -967 -962 -936 -830 -586 -489 -581 -721 -667 -956 -1123 -1288 -1711 -1841 -1813 -1530 -1559 -1209 -903 -672 -835 246 424 535 761 818 730 1041 1212 884 1349 2292 2029 1685 1630 1100 1085 1034 792 624 834 840 1138 1406 1984 2387 2553 2628 2808 3099 3145 2561 2839 3348 3541 3938 3423 2880 2790 3546 3296 2022 1399 1194 996 1369 1568 1421 1217 1212 1363 1247 1308 1366 984 246 222 136 -108 347 112 587 471 94 540 -163 -269 -306 -462 -740 -789 -791 -865 -913 -927 -895 -925 -1024 -1206 -1402 -1595 -1780 -1965 -2119 -1904 -1934 -1953 -1936 -1835 -1826 -1785 -1357
-963 -1293 -1260 -1033 -889 -889 -943 -937 -1012 -883 -811 -828 -683 -612 -702 -839 -771 -904 -997 -1035 -1542 -1698 -1788 -1627 -1370 -1117 -635 -209 -596 93 111 459 504 651 651 635 1085 864 1595 2324 2091 1580 1587 1162 934 619 734 955 1075 1058 1401 1837 2599 3016 2995 2998 2972 3114 2769 2531 3063 3754 4027 4266 3516 2974 2153 1963 1703 1232 1112 887 1382 1404 1425 1627 1630 1502 1529 1236 850 1312 765 -119 351 129 -206 145 -47 551 609 20 297 -395 -697 -327 -528 -751 -856 -867 -855 -952 -1001 -912 -872 -963 -1118 -1278 -1410 -1500 -1724 -1897 -1875 -1975 -1980 -1957 -1944 -1875 -1676 -1190
-1006 -1273 -1283 -1132 -943 -963 -1017 -959 -1036 -950 -961 -989 -873 -755 -893 -1014 -960 -985 -1038 -1112 -1587 -1831 -1756 -1567 -1325 -958 -750 -102 -279 -431 -229 110 120 230 332 375 988 1177 1901 2033 2131 1592 1634 1275 1171 783 888 1046 973 1242 1723 2409 3037 3418 3296 3366 3209 2855 2536 3143 3768 3888 3587 3551 3226 2623 2400 1807 1586 1573 1604 1848 1489 1514 1614 2026 2109 1865 1699 1647 922 1644 789 -289 359 375 14 164 108 452 518 229 20 -690 -650 -733 -649 -742 -822 -890 -887 -1036 -1086 -974 -956 -996 -1096 -1224 -1421 -1467 -1525 -1535 -1828 -1978 -1935 -1906 -1949 -1830 -1513 -1008
-958 -1277 -1267 -1127 -1039 -1016 -1014 -1000 -975 -1094 -1226 -1193 -1037 -983 -1145 -1219 -1027 -1118 -1184 -1290 -1548 -1816 -1639 -1457 -959 -1091 -796 -79 -821 -1173 -72 -514 -184 -157 73 379 786 1243 2041 1957 2085 1717 1901 1529 1598 1053 1024 1238 1248 1274 1712 2584 2856 3108 2948 2699 2965 2931 3245 3310 3459 3747 3254 3470 3287 2565 2298 1928 1766 2002 1890 2011 1706 2056 2029 2042 2244 1884 1596 1619 1405 1885 394 -646 90 660 415 537 780 382 420 22 -86 -862 -824 -941 -795 -692 -619 -658 -784 -971 -1080 -1060 -1087 -1043 -1019 -1036 -1211 -1381 -1384 -1362 -1588 -1811 -1875 -1851 -1815 -1644 -1420 -1043
-993 -1254 -1302 -1224 -1105 -1104 -1134 -1063 -1033 -1103 -1171 -1222 -1255 -1367 -1332 -1155 -1103 -1271 -1299 -1304 -1231 -1493 -1429 -1354 -996 -878 -619 -924 -1362 -1407 -620 -616 -131 -117 115 429 691 1163 1999 2076 1732 1755 2193 1820 1838 1545 1653 2070 2144 1774 1614 2071 2454 2932 3249 3263 3412 3364 3274 3287 3522 3635 3102 2910 2965 2681 2032 2044 1759 2115 2088 1912 1306 1722 1672 1691 2150 1889 1448 1033 1061 1295 158 -644 -487 498 488 339 975 432 44 -81 -517 -889 -837 -847 -960 -674 -397 -322 -490 -764 -911 -1015 -1019 -988 -943 -890 -975 -1171 -1236 -1278 -1237 -1488 -1702 -1774 -1632 -1452 -1370 -1125
-1035 -1229 -1339 -1317 -1151 -1188 -1265 -1133 -1117 -1086 -1088 -1196 -1371 -1509 -1344 -1070 -1268 -1403 -1277 -1068 -887 -1168 -1384 -1327 -1223 -1088 -1061 -1678 -1402 -1309 -854 -495 49 2 100 397 996 1083 1826 2014 1707 1716 1965 1589 1509 1457 1229 1480 1775 1429 1262 1804 2449 2859 2955 2787 2994 2896 2605 3087 3648 3519 3238 2722 3151 2597 1932 2186 2412 2613 2255 2046 2127 2197 2069 2000 1856 1464 1087 850 387 958 716 -227 -354 364 510 392 784 473 47 -178 -601 -929 -715 -781 -1012 -799 -423 -131 -199 -520 -696 -857 -934 -889 -866 -886 -923 -1031 -1088 -1160 -1047 -1134 -1389 -1621 -1534 -1361 -1282 -954
-997 -1241 -1307 -1267 -1181 -1183 -1221 -1159 -1065 -1133 -1277 -1334 -1354 -1342 -1322 -1319 -1173 -1325 -1177 -897 -799 -1063 -1384 -1190 -1091 -1072 -1883 -1844 -797 -1272 -819 -494 -41 -47 84 478 1330 815 1436 1951 1874 2127 2407 2016 1990 1923 1061 739 1277 1335 1536 2051 2397 2776 3047 3083 3270 2771 2646 2875 3368 3494 3249 2899 2427 2527 2992 2490 2687 2716 2137 2039 2414 2545 2387 2258 1630 1024 888 1047 -13 589 808 -264 -231 423 909 907 951 496 164 -37 -768 -856 -603 -813 -919 -913 -571 -98 -1 -332 -529 -692 -1034 -851 -728 -789 -860 -930 -1040 -1134 -1029 -903 -1092 -1458 -1502 -1355 -1164 -652
-1011 -1323 -1322 -1314 -1286 -1151 -1351 -1278 -1188 -1209 -1096 -1271 -1382 -1408 -1390 -1407 -1223 -1139 -1028 -829 -720 -881 -1219 -1432 -1335 -1154 -2007 -1528 -869 -1144 -791 -860 323 -258 100 532 658 1290 1128 1335 1322 1673 2313 2310 2530 2451 1610 1558 1092 1370 1945 2107 2665 2949 3581 3480 3281 3580 3740 3315 2937 3027 3191 3291 3149 3209 3706 3376 2825 2559 2543 2928 3163 3257 3192 2654 1633 632 455 -372 -659 -155 464 454 500 307 806 1567 940 392 331 -55 -651 -544 -711 -652 -970 -960 -747 -293 -30 -336 -496 -756 -1022 -868 -755 -846 -796 -855 -899 -973 -1016 -974 -917 -1207 -1510 -1413 -1247 -897
-1010 -1319 -1319 -1267 -1248 -1116 -1330 -1258 -1426 -1264 -1045 -1258 -1496 -1483 -1270 -1096 -1279 -1034 -956 -836 -766 -977 -1199 -1393 -1591 -1540 -1733 -1110 -751 -1384 -1095 -911 -403 28 123 282 74 356 1050 676 761 1613 2422 2501 2671 2428 1482 1178 1233 1228 1763 2242 2970 3125 3555 3466 3024 3007 3323 3273 2967 3212 3874 4361 4033 3466 3160 2796 2657 2920 3173 3098 2919 2674 2100 1473 1052 403 -179 -1049 -814 -522 24 120 875 791 1187 1282 619 168 254 21 -531 -490 -785 -631 -953 -834 -871 -372 -8 -323 -540 -739 -1091 -985 -799 -884 -978 -1045 -949 -1040 -981 -982 -885 -1051 -1307 -1412 -1382 -924
-886 -1175 -1238 -1196 -1226 -1127 -1370 -1338 -1226 -1366 -1349 -1516 -1509 -1501 -1497 -1570 -1267 -873 -734 -793 -693 -999 -1003 -1230 -1457 -1658 -1900 -1095 -643 -1376 -1141 -1082 -970 598 45 -166 19 233 481 676 660 1207 2263 2533 2089 2270 1466 618 1047 1049 1496 1951 2899 3326 3549 3040 3219 3194 3287 3343 3378 3341 3217 3302 3160 2990 3128 2728 2366 2396 2254 1571 2001 2135 1180 689 699 155 -1297 -1115 -1247 -1249 -785 -623 399 599 1285 1193 496 168 47 78 -289 -390 -795 -777 -761 -761 -918 -619 109 -293 -599 -835 -1193 -1140 -940 -936 -1036 -1052 -844 -1002 -990 -1009 -935 -941 -1114 -1480 -1629 -1110
-952 -1235 -1298 -1199 -1219 -1091 -1297 -1256 -1340 -1303 -1102 -1413 -1450 -1505 -1328 -1319 -1096 -834 -732 -743 -563 -749 -650 -1072 -1531 -1495 -1992 -1279 -581 -896 -853 -914 -821 -80 617 -264 -44 -248 1070 823 320 1416 2092 2339 2163 1939 1064 553 1058 976 1196 1304 1971 2588 3212 3210 3219 3227 3038 2999 3534 3901 3829 3843 3089 2688 2678 2355 1915 1954 1709 1478 1924 1774 1314 465 554 -492 -1059 -732 -1617 -1506 -924 -656 -132 326 754 613 717 484 278 -220 -540 -352 -707 -546 -582 -505 -705 -875 -75 -481 -638 -938 -1339 -1275 -1073 -962 -985 -1046 -906 -1031 -997 -1031 -986 -946 -1020 -1401 -1726 -1281
-928 -1215 -1288 -1212 -1261 -1181 -1306 -1265 -1475 -1346 -1122 -1313 -1487 -1560 -1378 -1168 -893 -874 -792 -592 -411 -355 -443 -1116 -1688 -1230 -1930 -1582 -617 -360 -235 -102 -553 -1140 -434 2 -607 -102 1119 749 708 1139 2070 2661 2121 1979 1486 707 1181 934 1224 1481 1443 1278 1778 2377 2433 2835 3258 3364 3577 3866 3989 3887 3834 3312 2865 2536 2141 2173 1892 1956 1398 1461 1108 478 643 -691 -614 -707 -1360 -1206 -833 -130 423 1277 642 221 188 300 35 -141 -206 -401 -540 -554 -604 -415 -681 -771 -75 -395 -653 -1029 -1373 -1194 -949 -776 -761 -910 -840 -742 -972 -971 -972 -1004 -979 -1204 -1569 -1316
-961 -1259 -1300 -1252 -1295 -1254 -1318 -1288 -1344 -1378 -1472 -1533 -1674 -1570 -1641 -1544 -768 -849 -613 -356 -288 -174 -390 -1077 -1612 -1347 -1813 -1675 -683 -237 -474 -332 -1070 -1556 -1235 -710 -145 1071 619 782 1266 1508 1520 2077 2183 1878 1236 1280 1098 1054 1523 1726 1424 1064 1086 1349 1433 1932 2458 2769 2942 3090 3310 3409 3523 3067 2411 2129 1984 1956 1757 1670 1194 1566 1023 815 494 -1070 -1377 -1206 -1208 -934 -897 -122 193 877 328 361 -43 -329 -601 -670 -365 -478 -534 -293 -366 -171 -639 -736 -369 -167 -475 -876 -1291 -1183 -988 -811 -812 -985 -1171 -1093 -804 -768 -807 -982 -957 -975 -1300 -1233
-936 -1237 -1234 -1246 -1277 -1339 -1371 -1380 -1307 -1303 -1418 -1408 -1781 -1621 -1486 -987 -643 -759 -392 -253 -253 -160 -439 -928 -1349 -1416 -1683 -1696 -1271 -997 -1170 -1218 -973 -1558 -1130 -932 411 1249 699 1024 1465 1304 1493 2076 1772 1573 1238 1035 1362 1495 1890 1725 1352 1234 996 749 818 1052 1297 1727 2049 2280 2587 2812 2802 2550 2268 2044 1583 1295 1382 1609 1135 1038 1211 938 134 -1668 -1610 -1407 -1129 -855 -733 297 506 310 -45 -308 -305 -123 -531 -842 -686 -689 -392 -366 -95 -248 -707 -1030 -980 -604 -693 -1129 -1278 -1282 -1057 -839 -743 -615 -833 -874 -600 -542 -544 -805 -858 -748 -944 -949
-914 -1193 -1157 -1192 -1214 -1369 -1364 -1407 -1289 -1279 -1371 -1396 -1782 -1600 -1288 -606 -477 -615 -316 -219 -192 -95 -541 -945 -1021 -1314 -1572 -1916 -2018 -1690 -1213 -1187 -588 -1172 -852 193 604 160 684 915 1333 1242 1380 2111 2036 1854 1115 998 1685 1426 1430 1226 993 947 821 729 686 803 1095 1398 1279 1605 2062 2009 2426 2120 2221 1887 1546 1256 1057 847 888 1059 1016 697 -183 -1698 -1670 -1275 -996 -919 -793 261 546 10 264 -460 -146 315 -39 -655 -756 -514 -179 -352 -68 -319 -342 -779 -862 -779 -575 -1236 -1265 -1162 -741 -612 -763 -542 -724 -810 -526 -448 -383 -660 -768 -580 -662 -660
-938 -1253 -1269 -1320 -1357 -1458 -1444 -1483 -1378 -1465 -1520 -1457 -1531 -1475 -928 -545 -425 -483 -278 -118 -185 -453 -678 -817 -1273 -1186 -1459 -2444 -2422 -2281 -1264 -969 -238 -1019 -981 433 753 205 839 889 528 1360 1585 1582 2236 2421 1568 993 1045 652 670 875 1396 799 1113 1179 698 781 1038 1426 1820 2039 2474 2320 2487 2489 2090 2156 1795 1474 1084 807 866 1199 1119 283 -98 -1318 -1280 -1133 -1439 -815 220 596 336 51 -208 -467 -292 16 90 -130 -234 -97 347 -207 -59 -318 -442 -1057 -878 -709 -745 -1022 -1046 -966 -879 -757 -631 -598 -876 -834 -553 -516 -660 -691 -683 -668 -709 -471
-845 -1266 -1282 -1450 -1539 -1488 -1524 -1540 -1506 -1304 -1381 -1332 -1319 -1220 -814 -321 -416 -525 -318 -238 -400 -863 -1004 -1158 -1377 -1464 -1884 -2481 -2381 -2489 -1234 -1058 -139 -434 54 467 844 50 806 1083 -35 1132 1494 1489 2054 2263 1555 1204 1090 662 75 876 1212 1047 751 660 772 758 942 1880 2430 2472 2502 2685 2589 2484 2506 2560 2333 1883 1213 633 1127 877 349 0 195 -861 -1168 -970 -807 -427 362 168 11 9 -276 -319 -300 -74 18 28 29 178 88 -241 63 -475 -557 -942 -790 -757 -542 -845 -1134 -1209 -1003 -892 -754 -674 -1009 -778 -594 -585 -660 -662 -659 -641 -598 -203
-937 -1319 -1271 -1419 -1528 -1460 -1643 -1741 -1675 -1335 -1518 -1655 -1685 -1326 -1006 -502 -736 -919 -567 -309 -783 -1263 -1208 -1354 -1454 -1724 -1644 -1589 -2178 -1575 -1220 -732 361 219 327 333 191 269 729 966 157 657 966 853 1265 1410 1375 1755 1317 1328 830 1301 753 985 1285 1209 997 1084 1562 1754 1849 1845 2238 2204 2488 2175 2116 1951 2068 2088 1707 1360 1143 533 362 218 -398 -1265 -1110 -729 -400 193 661 217 133 -80 -433 -310 -333 48 71 8 137 142 -174 -159 174 -541 -692 -758 -895 -811 -513 -814 -996 -1054 -837 -865 -992 -968 -1034 -423 -295 -363 -468 -574 -606 -558 -536 -188
-917 -1310 -1341 -1463 -1461 -1431 -1563 -1651 -1384 -1138 -1362 -1520 -1581 -1012 -859 -759 -1059 -901 -687 -544 -1011 -1379 -1379 -1179 -1191 -1028 -1324 -1001 -2151 -1789 -1819 -659 997 724 342 301 234 465 445 788 487 -5 185 278 713 821 1161 1477 1284 1445 1189 1615 1547 1056 1269 1467 1714 1744 1849 1841 1676 1819 1911 1588 1886 1802 1825 1828 1969 1949 1776 1440 908 673 672 -155 -1032 -1420 -830 -808 -482 551 600 159 26 -482 -441 -20 -338 160 236 193 163 97 -304 -263 110 -570 -849 -650 -983 -608 -535 -663 -832 -915 -874 -746 -754 -932 -909 -266 -125 -234 -273 -321 -458 -674 -675 -225
-930 -1266 -1455 -1560 -1464 -1445 -1442 -1477 -1272 -1203 -1337 -1426 -1558 -1133 -1125 -1024 -825 -800 -512 -541 -1296 -1359 -1088 -1001 -629 -610 -737 -997 -1411 -1762 -2079 -99 964 918 712 287 400 411 468 450 344 -576 -573 -307 494 478 598 856 1060 1446 1484 1671 1603 1342 1422 1140 1550 1431 1465 1911 2280 2123 2028 2082 1999 1991 1912 2042 2066 1976 1366 418 581 716 311 -772 -1814 -1181 -858 -1245 -663 335 183 22 -150 -722 -510 321 -24 363 541 365 -91 -179 -218 -99 -133 -705 -958 -779 -920 -389 -549 -528 -580 -507 -614 -801 -766 -683 -598 -151 -44 -174 -290 -337 -356 -515 -544 -230
-987 -1250 -1497 -1620 -1665 -1633 -1523 -1509 -1383 -1267 -1313 -1451 -1464 -1073 -1147 -1043 -596 -830 -839 -991 -1078 -1012 -717 -516 -516 -367 -998 -1207 -1128 -1724 -1186 -221 1530 1974 533 -68 264 646 302 790 497 -481 -778 -648 -65 78 314 691 1065 1331 1029 1597 1682 1784 1695 2076 1101 660 890 1197 1579 1657 2222 2213 2048 1780 1363 1299 1306 1136 986 699 307 101 -234 -1095 -1802 -1448 -1212 -999 -172 -49 -228 -82 -230 -617 -678 447 304 440 760 711 155 -432 -235 44 -297 -692 -818 -905 -749 -411 -480 -337 -403 -243 17 -268 -451 -565 -458 207 108 -125 -308 -386 -242 -356 -479 -223
-927 -1292 -1538 -1621 -1784 -1609 -1531 -1448 -1176 -1635 -1950 -1840 -1440 -1198 -1223 -687 -1009 -1248 -1074 -875 -527 -298 -181 -274 -502 -625 -886 -1362 -1330 -1272 -970 -269 762 1585 1022 1283 1115 936 215 956 460 -384 -634 -823 -789 -428 62 151 408 968 930 1319 1530 2429 2392 2241 1806 1050 840 1071 1066 1604 1997 1606 1773 1593 1454 1769 1475 684 468 717 227 -634 -865 -1563 -1231 -1492 -1208 -251 361 -65 -309 -517 -836 -714 -330 840 741 801 838 742 386 249 261 13 -374 -621 -662 -773 -522 -518 -387 -199 -326 -220 229 109 -86 -276 -159 379 384 55 -168 -364 -214 -306 -467 -90
-899 -1368 -1457 -1298 -1454 -1191 -1344 -1406 -1494 -1804 -1799 -1533 -1143 -1224 -1456 -1023 -850 -507 -410 -460 -242 -193 -351 -298 -564 -682 -519 -643 -511 -813 -1183 -27 440 1066 1628 1614 2144 1194 615 663 396 -276 -686 -921 -820 -874 -473 -3 647 1088 955 420 598 1679 2291 2198 2280 1645 1313 1368 1592 1350 1464 1604 2020 1345 1287 1193 1154 698 316 153 -111 -1144 -1434 -1399 -1806 -1100 -1301 -507 -42 154 20 -766 -1540 -914 188 1198 1196 759 515 424 147 575 492 -25 -566 -744 -811 -704 -478 -658 -518 -387 -246 -294 107 318 273 -13 319 695 538 211 93 -248 -188 -271 -467 83
-834 -1173 -1129 -953 -1147 -1176 -1180 -1442 -1585 -1604 -2037 -1872 -1592 -1501 -844 -420 -184 -161 -238 -161 -328 -366 -257 -412 -422 -505 168 5 -348 -843 -1458 -240 -1370 898 2074 1920 2524 1500 998 1072 495 -24 -1114 -915 -778 -1033 -943 -604 138 966 1218 771 890 1034 1039 1555 1610 1918 1897 1645 1632 1764 1719 2293 1981 1416 1456 989 1097 533 -107 -241 -872 -1125 -1710 -1587 -1109 -1536 -1583 35 285 -57 184 -1204 -1228 -1095 -58 1039 1181 791 459 389 455 335 320 378 -262 -452 -769 -328 76 -300 -281 -135 -34 -53 269 390 392 29 264 698 570 395 395 277 -97 -277 -512 -271
-645 -1000 -896 -733 -1094 -1056 -1425 -1586 -1807 -1965 -1964 -1382 -793 -707 -404 -211 -295 -111 -350 -409 -200 -458 -323 25 185 -350 -110 368 -373 -992 -511 -495 -920 942 1287 1968 2812 1240 1602 1950 275 71 -928 -363 -370 -622 -691 -590 -544 68 895 832 917 878 1763 1601 1662 1739 1780 1746 1517 1514 1335 1262 1056 1265 962 521 489 63 -160 -741 -769 -1377 -1530 -1215 -1369 -1818 -1947 223 464 -16 -268 -532 -896 -833 -131 562 755 531 84 330 354 296 163 -24 -271 -218 -119 -177 147 -290 61 -48 141 48 268 352 316 29 276 759 791 317 153 250 225 178 -37 90
-755 -1049 -736 -693 -1292 -1447 -1889 -1934 -1299 -1381 -1182 -983 -689 -661 -570 -382 -157 -280 -215 -189 -215 -353 10 109 -7 -209 432 422 287 -830 -253 -490 -274 616 1350 2311 3413 1918 1798 1523 474 245 -286 355 -38 -357 -475 -438 -330 -128 104 419 539 1079 1166 1648 1460 1695 1681 1728 1308 1193 645 104 531 954 696 992 838 54 -338 -610 -694 -1421 -1630 -1465 -1308 -1935 -2028 -116 558 -443 -220 -1007 -1374 -533 308 1220 1158 631 124 205 5 181 304 322 -181 -199 173 59 237 -122 270 1 57 16 318 492 459 338 646 948 711 562 277 239 297 87 16 452
-743 -1044 -1115 -1377 -1975 -2074 -1765 -1173 -961 -1148 -700 -624 -571 -635 -770 -593 -609 -228 -209 -313 -154 -86 65 191 -49 99 479 129 462 -264 -216 -786 -33 1004 2141 2474 3266 2893 1970 1512 855 131 -29 130 -296 -318 -391 -589 -125 -259 -381 417 54 424 596 305 685 1103 1205 1156 683 517 413 736 1323 1134 1014 933 550 103 -35 -17 -1268 -1664 -1637 -1620 -1170 -2137 -1900 -364 483 150 -176 -112 -1258 -788 -172 838 1471 465 10 -346 -424 229 302 282 -165 -64 -24 -19 61 -126 -214 -196 -50 -46 415 609 499 256 784 861 692 562 223 203 286 183 126 380
-1143 -1285 -1464 -1478 -1716 -1489 -1360 -1285 -1129 -1012 -587 -816 -732 -435 -609 -413 -678 -560 -355 2 -167 -230 -106 160 742 623 373 394 308 85 -663 513 300 1454 1661 2802 3851 3714 2239 1756 826 -133 -310 4 -225 -449 -646 -456 -423 -76 72 -166 151 -147 -85 342 -8 400 1017 1094 740 545 456 635 1237 1166 375 140 269 -30 -409 -809 -1415 -1667 -1249 -1057 -1262 -1835 -1397 -422 902 609 -185 -283 -784 -218 -174 5 424 369 514 229 -169 112 -204 -202 -305 107 305 289 36 27 -173 -176 -238 -240 195 312 290 171 960 690 357 351 104 227 373 275 175 306
-1035 -1049 -1122 -1351 -1601 -1379 -1194 -973 -1147 -818 -474 -827 -941 -686 -876 -545 -593 -498 -503 -220 -313 -367 -109 715 692 474 -88 278 183 498 599 844 713 1186 1077 2660 4112 3335 2485 1972 720 -183 -797 -31 -317 -377 -628 -413 -748 -409 -111 336 -112 -484 -71 -1 436 765 955 785 383 422 552 907 983 703 236 275 -373 -588 -684 -1074 -786 -1529 -1249 -1136 -1982 -1253 -889 -242 912 529 -53 -644 -680 -544 613 447 29 115 55 606 726 513 -248 -266 -568 -645 -395 -245 -218 77 18 -550 2 19 359 470 487 413 1070 690 248 397 279 177 257 -66 -110 220
-719 -902 -951 -1215 -1417 -1146 -1044 -1032 -1017 -752 -769 -1023 -1153 -997 -1166 -396 -230 -608 -714 -741 -555 263 691 421 462 411 309 409 692 990 951 844 732 555 920 1980 3708 2815 2279 1432 898 448 -657 -583 -683 -263 -342 -510 -952 -518 -284 81 -130 -118 -734 -27 221 43 -180 314 130 218 402 497 320 -133 -425 -481 -474 -159 -274 -384 -873 -1264 -1231 -1101 -1754 -1073 -1071 -712 381 693 318 -182 -637 -14 539 275 156 -53 -460 -39 224 154 -30 27 348 233 231 259 -59 -146 -85 -184 419 846 1221 1234 1043 931 1054 636 690 571 349 153 199 -115 -208 -18
-573 -817 -1016 -987 -1209 -870 -918 -974 -1295 -836 -1112 -1546 -1403 -803 -1092 -899 -790 -619 -427 -537 -149 98 254 164 529 1172 1038 1260 1215 1655 1033 1386 535 275 574 1537 3375 2547 1737 1077 1023 729 -223 -902 -770 -635 -673 -635 -740 -938 -956 -784 -211 -87 -307 -327 -470 -180 -287 -128 -494 -30 660 82 -376 -469 -556 -34 24 54 159 421 47 -191 -1290 -1897 -1881 -1390 -1266 -1045 -342 694 887 -269 -701 -21 -145 122 126 258 184 -504 -718 -227 307 12 309 379 359 762 145 -248 -406 -209 121 696 1054 1177 1058 1209 1034 784 511 672 427 304 305 23 -317 16
-433 -831 -938 -867 -1062 -1496 -1739 -1623 -1374 -1098 -958 -640 -831 -1250 -1109 -781 -608 -485 -348 33 -334 -87 235 495 1047 1211 1649 1363 1017 1035 978 1287 1307 1274 425 1586 2242 2168 1386 1351 918 645 186 -956 -962 -1067 -690 -968 -606 -432 -837 -837 -954 -645 -568 -1314 -925 -687 -438 -1053 -987 -107 -133 -512 -637 -512 -612 252 475 377 447 -95 309 21 -1460 -1769 -1325 -1326 -1389 -1614 -1195 -379 987 161 -284 307 194 -187 77 32 91 64 -316 -361 -82 185 492 264 725 1079 460 185 -325 -210 122 173 771 1067 1451 1337 975 984 786 547 493 299 225 17 -207 191
-377 -988 -1298 -1384 -1801 -1607 -1514 -1629 -1161 -767 -622 -729 -1239 -1250 -1174 -798 -751 -357 21 -270 -170 257 956 1285 988 1048 1343 1217 877 983 1044 1388 1752 1085 220 51 833 798 1348 1798 724 333 331 -456 -1578 -1149 -903 -910 -353 -682 -817 -738 -618 -574 -937 -1179 -952 -998 -875 -1225 -854 -4 -82 -211 -479 -348 -385 45 76 53 257 384 104 -901 -1357 -990 -457 -811 -1334 -1810 -866 -955 349 639 523 298 117 74 -20 268 245 60 -10 45 157 58 105 623 684 453 -64 281 -225 -112 -123 -136 442 822 988 876 850 963 1163 911 718 354 207 56 -73 61
-562 -1145 -1515 -1240 -1666 -1759 -1604 -1205 -717 -823 -894 -875 -879 -797 -748 -1122 -555 -4 296 560 1013 755 970 1037 1086 991 1022 1169 1141 1129 929 1061 696 287 104 -101 611 -254 249 1502 1698 222 465 -52 -632 -1433 -1110 -1040 -873 -825 -694 -865 -467 -74 -248 -470 -1023 -946 -1250 -1313 -1612 -450 -576 -880 -369 -162 -314 50 -186 -204 761 823 -439 -1401 -1686 -902 -736 -632 -856 -1369 -636 -465 -248 -30 737 1078 745 -84 74 315 344 347 463 477 683 526 336 153 204 -60 -637 -210 -80 -14 -181 -93 313 338 305 499 541 506 928 934 931 829 774 490 26 163
-792 -1684 -1569 -1306 -1850 -1606 -1326 -1104 -882 -1069 -978 -717 -805 -896 -1261 -679 -5 530 1001 938 879 1098 910 1013 855 1179 1284 1364 1167 794 552 792 690 507 178 -122 -138 -57 137 852 1263 1198 268 533 -939 -1024 -1369 -1052 -1325 -1279 -849 -718 -520 -234 -220 340 -181 -727 -1464 -563 -832 -1286 -1552 -1027 -571 -1004 -676 -377 -437 270 851 255 -879 -1412 -1043 -1173 -1250 -959 -1126 -1077 381 135 -266 -46 717 669 786 689 584 647 722 883 644 445 718 646 580 338 32 -672 -952 -363 -195 -194 20 -536 -47 360 526 651 575 415 498 584 633 982 925 748 313 12
-1301 -1729 -1452 -1402 -1475 -1223 -1302 -801 -909 -933 -700 -744 -924 -1222 -254 620 879 799 566 752 1026 777 1041 1076 1065 1664 1712 1529 1104 730 763 1086 752 236 83 -197 317 885 167 -180 458 1190 776 408 -516 -766 -931 -1055 -1056 -1343 -1549 -1092 -455 -230 99 334 104 271 -454 -709 -339 -1075 -1546 -1065 -780 -797 -908 -451 -244 634 842 -490 -1087 -1598 -968 -951 -1447 -1374 -1087 -1438 247 1272 387 92 765 439 172 916 1191 1626 1757 1672 1096 643 719 629 976 569 377 11 -904 -920 -581 42 -241 -393 50 57 253 583 633 518 345 289 593 739 626 389 302 333
-1120 -1532 -807 -642 -1341 -1439 -1245 -806 -692 -808 -877 -1010 -636 311 775 661 632 641 839 961 942 1477 1147 1452 1695 1847 1557 1396 1294 1302 1287 1007 529 102 84 -2 -544 225 160 183 -20 286 847 610 359 -344 -304 -963 -1125 -997 -801 -684 -592 -430 -299 -246 -115 -35 -240 -461 411 152 -1045 -1237 -913 -1028 -992 -547 39 555 -186 -931 -1177 -1551 -1117 -1157 -1422 -1205 -1349 -1050 -107 1370 1090 720 817 532 58 114 366 1541 2264 2450 1880 1133 819 979 836 311 46 -81 4 -11 -448 -649 -417 -562 80 288 39 -128 226 519 184 280 364 245 331 271 502 593
-757 -931 -688 -847 -1533 -1426 -1184 -847 -1089 -874 -801 -228 525 213 580 887 1008 613 1136 715 1089 1663 1823 1741 1397 1528 1338 1384 1202 1274 1494 1261 1308 140 373 120 -378 1166 1001 -283 -332 -267 378 657 108 129 -60 -953 -786 -795 -743 -604 -735 -646 -38 334 243 -218 -150 222 480 404 -352 -468 -1057 -1154 -1154 -428 -27 -502 -917 -1144 -1408 -1285 -1470 -1748 -1304 -1187 -797 -847 -405 1445 1317 914 1482 958 -76 365 630 947 1209 1733 2181 2004 1555 1451 969 557 503 -25 -74 290 431 46 -523 -735 -383 -173 -7 137 119 -70 175 -75 -172 -205 -197 7 243 583
-495 -852 -1010 -935 -1559 -1172 -758 -1048 -763 -326 -7 248 232 455 1066 846 768 940 827 1434 1964 2142 1702 1105 1164 1321 1221 1566 1406 1400 1618 1587 1406 383 477 293 604 1502 1361 677 10 -385 251 648 24 -176 -111 -507 -402 -650 -775 -411 -317 -90 -272 -270 478 68 -140 623 200 -441 -636 -746 -728 -939 -564 -422 -658 -1081 -1366 -1599 -1754 -1292 -1778 -1811 -1212 -880 -408 -390 -297 1035 1446 1326 1210 1097 508 379 549 984 1339 1274 1439 1861 1958 1749 1201 1034 832 666 435 290 29 498 109 -466 -336 -354 -475 -196 -45 76 175 -105 -433 -646 -502 -494 -250 385
-643 -827 -895 -966 -1758 -923 -556 -712 -510 -221 412 694 652 658 842 803 932 906 1623 2260 2069 1316 1042 1193 1263 1282 1456 1477 1401 1407 1643 1376 1056 801 1522 1138 788 1248 1624 922 478 754 -135 668 288 -380 -634 -938 -655 -145 -364 -235 -24 -537 -730 -336 -57 86 -174 514 380 -338 -895 -958 -817 -1012 -757 -325 -217 -706 -551 -1565 -1809 -1452 -2127 -1165 -1086 -1100 -657 -425 386 1607 1396 1917 1315 1307 1279 692 938 906 1084 1002 1183 1083 1330 1796 1743 1794 1596 1599 1087 309 220 182 219 141 176 -82 -469 -301 -207 197 193 110 -102 -957 -675 -550 -491 -377
-647 -892 -1004 -851 -1157 -571 -193 -432 -64 421 575 478 495 582 439 1001 1278 1863 2178 1773 1188 844 1026 1055 1243 1298 1387 1637 1259 1394 1440 1481 1779 1803 2195 1297 1013 1395 1567 1293 624 1153 -109 40 -803 -97 -520 -653 -1046 -862 -18 -157 -506 -620 -594 22 341 -344 -286 561 105 -1086 -1393 -1440 -1472 -653 -1100 -1256 -1515 -1280 -738 -911 -289 -971 -1474 -1335 -1074 -1194 -1171 -146 536 1887 2247 2605 2122 1772 1610 1245 935 987 1070 1007 994 844 1072 1022 1084 1623 1930 2071 1918 1520 1168 835 720 238 309 349 -75 -211 -454 -188 313 306 -151 -417 -518 -503 -454 -27
-510 -686 -529 -367 -167 -39 -129 54 429 646 607 661 827 742 1056 1485 1649 1795 1465 868 966 1300 1380 1123 1210 1308 1534 1426 1063 1359 1884 2155 2202 2282 2326 974 1160 1425 1796 1467 828 1092 1197 201 47 -1028 -86 -654 -986 -1393 -752 -435 -863 -1108 -789 -736 -560 -910 -445 269 -639 -1444 -1650 -1862 -614 -1204 -1352 -1223 -1757 -1071 -997 -1045 -521 306 -440 -748 -1259 -1160 -1068 41 913 2060 2672 3177 3033 2665 2102 1963 1155 870 885 985 1143 920 727 457 1366 1019 1239 1953 2258 1888 1538 1798 1406 802 703 406 -53 -42 -223 50 329 441 -105 -322 -414 -589 -325 122
241 -408 -486 -290 -9 152 64 348 593 480 606 1037 1164 1201 1653 1653 1117 1127 895 1003 1259 1156 1286 1395 1214 1217 1476 1227 1254 1768 2198 2211 2242 1967 1974 1010 966 946 1912 1919 743 837 932 1291 462 -1030 -959 -400 -1109 -1386 -1083 -721 -1262 -1338 -979 -747 -533 -419 -209 67 -528 -1537 -2025 -959 -1895 -1325 -1543 -1753 -1606 -1927 -1502 -741 168 -28 -144 -473 -1009 -1207 -832 24 702 2028 2721 3257 3111 3121 2549 2545 2232 1293 1071 934 1262 1132 724 707 1083 1110 1144 1141 1429 1925 1755 1864 2002 1358 1108 561 135 416 208 273 294 391 280 -357 -156 -712 -436 -202
19 -449 -250 566 47 143 479 385 608 972 1335 1422 1267 1806 1297 896 860 910 956 1088 1224 1188 1127 1322 1255 1170 1429 1742 1857 2061 2128 2209 2409 2257 2137 1307 801 634 2117 2156 1107 1013 933 1065 892 216 -1414 -576 -688 -861 -986 -1016 -1115 -1015 -1019 -1129 -642 41 -205 -503 -1005 -2478 -1406 -1587 -1745 -1456 -1862 -1710 -1029 -952 -707 -747 -310 440 -182 -902 -646 -1117 -597 283 812 2224 2769 3136 3062 3409 3077 2777 2924 2101 1566 1071 1020 1088 804 905 979 882 935 1159 1136 1330 1173 1670 2031 1613 1724 1350 726 830 673 790 889 316 204 -360 21 -449 -384 -98
84 -87 280 1050 206 509 998 1151 1221 1426 1683 1707 1195 930 590 771 900 938 782 903 1163 1303 1180 1070 1364 1663 1989 2057 2257 2465 2372 2215 2229 2612 2061 1572 405 637 1794 1641 1486 761 791 969 1257 327 -1407 -1272 -873 -964 -873 -1175 -1153 -1155 -756 -716 -617 245 634 -401 -659 -1325 -1849 -1542 -1221 -1123 -1066 -698 -865 -1471 -1855 -1048 -497 463 -605 -683 -630 -502 -705 225 1234 2499 2860 2996 3129 3350 3250 2766 2695 2415 1792 1511 1093 1069 860 950 968 807 753 1092 1115 1209 999 1252 1398 1374 1848 1891 1530 1544 1223 1392 1467 1273 860 -67 -499 -95 -176 -131
434 485 957 1382 1090 1217 1116 1239 1191 1617 1572 788 427 422 875 740 682 824 971 1041 1137 1168 988 1131 1452 2060 2142 2078 2391 2663 2270 1918 2219 2347 2035 2027 826 992 1361 1586 1211 984 1016 1301 1169 761 177 -1287 -1137 -1036 -805 -1166 -1509 -1421 -1105 -636 -556 -264 549 812 498 -260 -1368 -573 -518 -650 -1343 -841 -1106 -1535 -1351 -445 -329 621 -960 -1263 -986 -770 74 532 1280 2690 2959 2877 3018 3031 3120 2942 2870 2826 2137 2045 1506 1240 1000 990 935 1044 990 1156 1175 1144 1078 1023 913 1043 1521 1770 1690 1827 1608 1853 1963 1899 1601 1251 65 -25 -195 12
1167 1095 1275 1232 1208 1146 1260 1226 1202 1038 806 604 937 979 890 826 973 946 849 901 1039 935 892 1225 1717 2299 2300 2532 2951 2846 2345 2247 2415 2058 1781 2161 1344 1816 1456 1627 1440 881 991 1540 1408 784 545 -1353 -1425 -287 -508 -508 -959 -959 -312 -4 80 581 1061 1794 959 311 -132 -726 -487 -916 -751 -571 -1118 -1397 -1200 -344 -600 -914 -843 -1018 -859 -363 553 173 1207 2614 2837 2947 3244 3165 3031 2997 3288 3160 2551 2200 2143 1881 1305 844 1006 995 798 946 1165 973 1030 876 1130 971 1256 1468 1148 1377 1543 2038 2075 1983 1828 1886 1015 691 524 402
1454 1213 1497 1336 896 1016 930 995 638 805 487 763 847 1172 1092 847 1065 939 1013 764 810 1065 1249 1301 1765 1929 2049 2524 2965 2932 2474 2596 2795 2297 2184 2309 1526 1092 1171 1772 1942 886 908 1105 1892 1106 502 -698 -1398 -685 -254 -495 -889 -27 -649 -163 389 451 1347 1719 917 608 -127 -1159 -571 -1232 -1176 -1485 -1940 -1113 -240 -220 -550 -1254 -788 -996 -816 -68 562 339 1201 1797 3076 3296 3374 3231 2956 3131 3239 3165 2600 2498 2494 2275 1908 1748 1424 1213 1028 1201 1323 942 971 1224 1073 910 1494 1313 886 1199 1350 1749 1923 1842 1856 2012 1689 1043 1000 1190
1318 1369 1751 1286 560 581 299 316 479 592 529 915 1086 1244 1086 995 1053 907 969 871 1083 1359 1265 1335 1518 1722 1845 2041 2441 2726 2652 2981 2915 2518 2208 2036 1446 919 1182 1760 1764 1439 1248 952 1261 912 114 147 -917 -726 -454 -256 -104 -166 -355 -80 -35 300 981 794 87 -96 -172 -598 -470 -926 -804 -1151 -1061 -163 -340 -620 9 -647 -323 -611 -648 106 683 632 1193 2786 2918 3032 3216 3154 3003 3001 3257 3068 2814 2495 2305 2185 1962 2012 1812 1780 1813 1698 1420 911 930 1120 1141 960 1253 1116 962 1278 1258 1473 1096 1654 1969 2072 1737 1381 1221 1166
1667 1538 1228 707 234 12 -152 571 571 638 663 857 1099 1301 1170 1189 955 950 1009 1231 1553 1175 1290 1561 1703 1741 1925 2063 2279 2482 2523 2920 2770 2521 2284 2089 1679 839 893 1227 1168 1725 1414 1223 1374 1037 425 339 -490 -598 -426 -94 359 -221 -229 -150 368 573 839 1006 142 114 369 -94 169 -775 -1014 -1269 -1105 -1048 -419 308 312 -133 98 -324 -689 -92 331 379 1246 3084 3223 2883 2983 3078 3087 3175 3277 3012 3148 2525 2320 2117 1966 2099 2284 2253 2307 2130 1996 1739 1464 1067 836 986 1247 1181 1002 1248 1082 1173 1293 1174 1541 1915 1972 1411 1174 1432
2033 1449 527 427 49 -187 270 657 700 908 1016 1029 1123 1450 1325 1381 985 1417 1544 1561 1688 1733 1828 1810 1978 1739 1837 2060 2109 2063 2192 2624 2583 2436 2285 2156 1932 935 608 872 954 1801 1654 870 1209 1543 737 262 148 -87 42 310 384 -118 -75 -13 406 51 145 583 563 -407 -201 27 372 -690 -1549 -844 -500 -60 41 228 1181 461 154 -441 -470 254 453 265 1297 2236 3230 2737 2806 2773 3155 3101 3222 3050 3074 2568 2077 1844 1523 1830 2319 2266 2401 2329 2252 2206 2061 1659 1176 1312 1262 1122 801 1086 819 849 1285 1313 1555 1244 1647 1556 1290 1306
1902 1112 797 561 113 234 290 638 702 942 1164 1136 1140 1285 1272 1534 1345 1728 1600 1687 2406 2042 1723 1958 1817 1565 1545 1762 1709 1791 2020 2293 2407 2257 2024 1831 1730 929 449 978 627 1648 1327 181 765 1527 878 542 1006 708 722 775 410 116 -155 93 77 204 709 409 509 -110 -138 61 886 377 -240 -102 -18 297 648 1150 857 376 46 -571 -195 566 752 566 1508 1748 3098 2699 3020 2802 2958 2701 2919 2996 3074 2643 2017 1697 1557 1698 2125 2271 2418 2418 2356 2506 2331 1803 1456 1759 1871 1459 777 868 643 868 1126 1212 1783 1624 1617 1065 1020 1699
1573 1030 508 566 131 157 551 657 646 756 905 849 1107 1269 1498 1663 1502 2103 2020 2109 2158 1881 1777 1887 1820 1809 1764 1689 1440 1673 2056 2168 2040 1893 1800 1625 1557 951 390 933 752 1328 856 634 939 1433 1329 1360 1027 1528 1396 373 623 712 498 143 100 842 819 652 581 192 398 -287 1311 1690 1007 102 401 114 578 417 373 403 272 -292 129 556 735 894 1678 2056 3210 2853 3285 2982 2778 2670 2631 2762 2751 2858 2093 1733 1485 1545 1862 2134 2387 2568 2338 2329 2306 2123 1982 2065 2203 1759 1237 1339 1048 1245 1027 1215 1626 1532 1345 1140 743 1277
1243 767 368 396 -100 219 772 686 673 695 838 1031 1288 1165 1639 2119 2039 2182 2150 2067 2060 1924 1842 1944 1642 1756 1775 1469 1100 1359 1832 1920 1657 1637 1771 1548 1571 1177 658 825 1048 818 764 594 538 1002 888 1250 1442 2171 1088 1038 508 881 245 405 780 558 381 284 787 -204 -428 -180 531 1450 689 440 602 471 509 153 359 363 -37 -392 142 305 423 886 1429 2049 2989 2703 3086 2761 2746 2793 2573 2702 2700 2749 2117 1568 1457 1523 2024 2153 2207 2498 2367 2380 2369 2107 1858 1928 2418 2120 1573 1574 1285 1532 1482 1384 1338 1252 1229 1526 735 710
1104 1337 944 721 640 904 861 1141 1079 1194 1188 1411 1835 1921 2230 2235 2019 2287 2205 2159 2115 2173 2048 1844 1265 1329 1563 1460 1321 1492 1717 1603 1618 1735 1842 1337 1537 1421 1148 1074 666 1095 964 243 281 458 516 354 1421 1984 1325 1153 430 263 394 610 1224 1476 882 917 857 -129 52 146 1155 1776 1343 814 461 751 357 63 -328 -66 -238 -227 380 381 566 1504 1592 1697 3105 2744 3110 3000 2967 3105 2632 2996 3000 2895 2320 1856 1978 2461 2806 2537 2282 2665 2641 2504 2303 1897 1929 1711 2321 2280 1911 1926 1637 1699 1394 1772 2138 1933 1625 1726 929 944
